614.1451416015625
610.8272094726562
2433.755615234375
4139.69677734375
545.4479370117188
1119.0643310546875
630.3197631835938
1090.2911376953125
2658.664794921875
520.818603515625
843.4160766601562
3913.176513671875
829.6353149414062
1011.8659057617188
1265.4473876953125
678.658447265625
620.8292846679688
3136.41357421875
1052.221923828125
587.7783203125
781.5277709960938
2281.02001953125
2359.429443359375
416.66046142578125
1078.230712890625
667.73193359375
877.2335815429688
687.9502563476562
847.421630859375
1646.441650390625
1147.6143798828125
1407.05859375
2539.14599609375
1748.1995849609375
504.2405090332031
484.9949645996094
689.6195678710938
1421.466064453125
1154.4080810546875
995.11328125
956.4052124023438
528.1245727539062
1602.266845703125
2462.543701171875
1683.9432373046875
514.5665283203125
635.7120361328125
480.69281005859375
1495.7060546875
2591.278076171875
1021.9898681640625
644.0811767578125
1304.5894775390625
794.55517578125
2634.0830078125
1471.541748046875
1475.6893310546875
1668.0167236328125
665.469970703125
666.5888671875
537.0693359375
1224.342529296875
617.7709350585938
896.552490234375
783.5043334960938
645.3077392578125
532.1339721679688
2156.134521484375
1514.4627685546875
897.6158447265625
1822.9791259765625
1073.54638671875
426.7355651855469
1290.155517578125
412.6365661621094
1165.591552734375
570.313232421875
5504.3818359375
3988.401611328125
728.4271240234375
1213.1141357421875
729.3693237304688
1121.5028076171875
2066.42919921875
918.0777587890625
1454.581298828125
1023.9329833984375
1502.44384765625
1948.4002685546875
706.7283325195312
2368.34619140625
4353.8671875
3775.869873046875
1263.53076171875
2983.55078125
596.7225341796875
2194.022705078125
685.7728881835938
1554.7952880859375
1697.9271240234375
570.2586669921875
796.1790771484375
527.69140625
796.5206298828125
1383.6937255859375
2909.6884765625
1014.787353515625
1542.5977783203125
1125.128662109375
1480.159423828125
1463.2589111328125
1994.0244140625
1943.21533203125
1279.86279296875
747.3311157226562
1363.1475830078125
2417.534423828125
1531.743408203125
2384.6689453125
2385.478759765625
710.4847412109375
744.4826049804688
1008.8540649414062
682.9559936523438
704.4925537109375
906.5029296875
873.1771850585938
1210.8875732421875
2389.69482421875
1494.95556640625
2272.429443359375
1442.29736328125
1589.7047119140625
837.57958984375
654.2532958984375
955.2940673828125
701.745849609375
1672.6766357421875
747.9276123046875
1204.6337890625
453.3765869140625
1064.605224609375
1069.9368896484375
1669.2335205078125
664.6449584960938
1043.0244140625
587.704833984375
947.826171875
1087.1527099609375
911.024658203125
581.4408569335938
2045.4423828125
2290.8544921875
1913.0770263671875
3476.638671875
2308.115966796875
775.119384765625
1804.1077880859375
1416.2066650390625
438.81988525390625
3784.28173828125
5142.1328125
4803.55517578125
1574.31591796875
2755.656982421875
675.8847045898438
1048.6614990234375
1027.383544921875
656.709716796875
506.0262756347656
599.966796875
721.4494018554688
3008.68408203125
2207.0302734375
367.4774475097656
3097.08544921875
1973.5682373046875
1826.13037109375
1115.377685546875
1794.077880859375
372.7200622558594
641.0780029296875
673.8157348632812
1431.9241943359375
1022.3988647460938
1112.486572265625
1907.5125732421875
748.0850219726562
538.6895141601562
1965.534912109375
1754.1142578125
2297.001708984375
1278.9256591796875
558.6979370117188
1450.1085205078125
1033.7862548828125
1131.8946533203125
983.1912231445312
1416.0325927734375
2524.698486328125
1907.7003173828125
1683.6749267578125
2303.84375
901.2076416015625
1341.5732421875
2239.18701171875
2513.377685546875
3429.058837890625
1613.922607421875
2423.657958984375
3532.19091796875
740.5171508789062
562.5694580078125
799.357666015625
1354.5584716796875
540.9422607421875
4431.89990234375
6609.78955078125
4248.806640625
5042.5390625
5786.7421875
418.1163330078125
948.4314575195312
4772.25634765625
767.9093017578125
819.7608642578125
660.053466796875
3030.94482421875
3193.689208984375
2857.466552734375
2678.57763671875
987.8446044921875
979.9049682617188
1510.873779296875
1020.5822143554688
2462.615478515625
2851.25732421875
7190.58984375
1140.527099609375
3514.816650390625
3184.43603515625
2191.625732421875
687.6411743164062
1025.1348876953125
1209.686279296875
1024.835693359375
710.5121459960938
2711.2294921875
2420.068115234375
2318.12109375
1956.454833984375
1751.053466796875
2842.29736328125
2591.69921875
1933.63134765625
2790.05712890625
928.3671264648438
2782.957275390625
2250.994384765625
2563.949462890625
2511.216796875
1679.7705078125
1689.31689453125
928.7603759765625
1828.935302734375
2175.510498046875
950.136474609375
2326.591552734375
4519.49755859375
2208.615234375
4922.0078125
1195.5579833984375
1594.639404296875
4395.42138671875
1122.744384765625
2354.034423828125
2415.022216796875
455.5621032714844
1768.939208984375
2560.474609375
2042.6192626953125
2864.84619140625
2131.37451171875
4179.61083984375
2188.9287109375
2295.71728515625
3051.7724609375
3402.072265625
913.1895751953125
5722.2412109375
2914.63232421875
2444.692138671875
3154.150634765625
2617.015625
811.6689453125
535.814453125
1778.623046875
1321.9537353515625
806.2423095703125
1156.2427978515625
586.6290283203125
819.808349609375
2022.8109130859375
1071.0399169921875
2020.2801513671875
2496.27001953125
930.713623046875
1118.0318603515625
3812.19384765625
4053.59326171875
4138.189453125
3085.5380859375
4264.23291015625
2962.7724609375
3643.194091796875
2914.70654296875
924.4741821289062
4405.73095703125
1327.344482421875
3328.375244140625
977.475830078125
1497.80908203125
723.5296020507812
818.2415771484375
1855.5904541015625
1741.5787353515625
2384.746826171875
2104.189208984375
2890.84375
889.5573120117188
3222.7109375
2487.657470703125
2777.134521484375
1435.0419921875
1409.68017578125
2120.82763671875
2580.150634765625
1947.37255859375
5122.18896484375
1246.0845947265625
1582.1798095703125
1180.5145263671875
1160.346923828125
1839.1787109375
3397.20849609375
591.9668579101562
1103.799072265625
1717.435302734375
2866.051025390625
7104.4814453125
2684.160400390625
2489.865966796875
2779.91015625
1801.015625
2066.93994140625
2139.937744140625
949.753662109375
1776.9234619140625
828.916015625
1473.504638671875
1463.2398681640625
1823.209716796875
689.3010864257812
1043.23193359375
2417.453857421875
2058.098388671875
2174.6923828125
2980.289306640625
1042.5167236328125
2775.263671875
1864.150634765625
1048.8629150390625
1449.4219970703125
3611.9228515625
1064.643310546875
996.0592651367188
848.4713134765625
997.3922729492188
2308.999267578125
1315.0714111328125
2258.87060546875
3510.85107421875
680.7924194335938
4376.29150390625
1261.8101806640625
2579.677490234375
979.7581787109375
1982.8121337890625
1921.960205078125
1752.8519287109375
1746.038818359375
1867.040771484375
2967.461669921875
1813.7042236328125
1961.72607421875
1439.7567138671875
1576.5120849609375
1615.0533447265625
2413.321533203125
1311.7957763671875
931.21826171875
1278.14599609375
868.3282470703125
903.7723388671875
894.8394775390625
1034.7470703125
1110.1494140625
1650.047607421875
1634.847412109375
2145.987060546875
2333.406494140625
2332.75
1531.755126953125
1546.3653564453125
1135.982177734375
3435.04345703125
803.243896484375
1750.4246826171875
1224.5006103515625
2755.1962890625
1580.2503662109375
821.6590576171875
2082.688720703125
1984.21337890625
3849.130126953125
3712.346435546875
2311.1005859375
2547.858642578125
1784.723388671875
853.9454345703125
1078.9771728515625
1917.373046875
4000.4453125
1800.355224609375
1751.124267578125
1476.3363037109375
1312.610595703125
1600.08642578125
3000.258056640625
2178.932373046875
1164.1195068359375
2504.442626953125
2640.80322265625
2153.82080078125
2577.59814453125
2819.218017578125
2011.449951171875
2580.384033203125
875.3859252929688
1898.694091796875
2262.20751953125
721.6695556640625
797.2891235351562
3105.283447265625
1599.9140625
3739.443603515625
3689.804443359375
2313.01513671875
1658.7803955078125
825.656494140625
999.1517333984375
2033.7159423828125
2324.806396484375
2724.98046875
3341.757080078125
887.844970703125
808.3869018554688
3165.693359375
2948.588134765625
2408.669677734375
1751.2293701171875
2749.52783203125
1706.3958740234375
1426.262939453125
2342.724853515625
602.183349609375
1299.8531494140625
4500.93017578125
1041.1339111328125
2657.55224609375
1125.31982421875
1568.2772216796875
1584.66015625
1449.9512939453125
1392.568603515625
1614.524658203125
1312.412353515625
2224.796142578125
2941.95166015625
560.7639770507812
966.2623901367188
1896.4256591796875
2038.505615234375
3032.1005859375
1484.0733642578125
2506.109375
1574.639404296875
1038.8271484375
2094.405517578125
2441.87890625
978.3782348632812
1189.7159423828125
2529.894775390625
867.0045166015625
1510.25439453125
3056.1689453125
2849.950439453125
2987.719482421875
1514.668212890625
1548.258544921875
2742.59033203125
2112.914794921875
1891.772705078125
2490.555419921875
2540.559326171875
1143.2022705078125
886.263671875
2009.8878173828125
1161.204833984375
755.4369506835938
3020.8486328125
3289.227783203125
2170.7861328125
769.2631225585938
2060.471435546875
4990.83154296875
3145.152587890625
2756.22412109375
1817.464599609375
2128.732666015625
1755.452880859375
3003.23974609375
2274.724365234375
1559.066162109375
2928.266357421875
2370.449951171875
1869.2916259765625
2717.2666015625
1641.1185302734375
1784.0189208984375
1262.37744140625
2348.6435546875
1899.5782470703125
2219.458251953125
1922.455322265625
1416.253173828125
1332.2294921875
2404.694580078125
2640.35693359375
1281.3402099609375
3774.64453125
1733.6617431640625
2087.080810546875
778.4207763671875
1874.4351806640625
1482.118408203125
2655.109619140625
2052.255615234375
2364.199462890625
2594.033935546875
1967.4918212890625
2395.046142578125
1415.9501953125
1897.8480224609375
3135.859619140625
2634.442138671875
2450.083251953125
1104.1083984375
1959.7049560546875
4059.615966796875
3272.3974609375
5994.79443359375
4450.49169921875
5123.54345703125
6353.07666015625
4012.1455078125
2178.962890625
3154.58056640625
2688.158203125
2331.06689453125
2004.626708984375
3482.716552734375
2620.340576171875
1795.2423095703125
2159.560546875
1656.69873046875
3833.634521484375
5011.8603515625
1975.2452392578125
3811.92041015625
5552.20166015625
655.9933471679688
2653.81689453125
1493.93408203125
1921.006591796875
2078.420654296875
2713.01416015625
3251.81201171875
3203.826171875
3079.023681640625
3468.631591796875
4288.4951171875
3797.538330078125
4073.899658203125
3217.7529296875
4506.1181640625
3773.781494140625
3270.5927734375
5045.17919921875
1636.43115234375
2829.660400390625
3301.13720703125
4282.95849609375
1470.918212890625
5895.89111328125
3781.644775390625
3979.269775390625
1123.32421875
1339.6524658203125
2562.993896484375
2114.072998046875
4339.6435546875
1489.8897705078125
2977.2255859375
509.4338073730469
3541.836669921875
4656.22607421875
5162.6357421875
3284.859130859375
1585.4990234375
2333.8349609375
1679.5858154296875
1325.743896484375
3800.556884765625
4168.3359375
2282.97021484375
1765.2801513671875
5282.0400390625
2106.66015625
3449.03955078125
1484.62353515625
3759.75439453125
2831.89111328125
4377.9921875
3125.301513671875
2618.53662109375
3332.09130859375
2255.0234375
2938.106689453125
1797.676025390625
3174.72509765625
812.42333984375
4445.4501953125
4865.45849609375
3038.839599609375
2852.7177734375
3049.626708984375
4172.95751953125
2178.201416015625
3663.92529296875
5869.58349609375
5497.15625
3859.463134765625
4783.28076171875
3495.278564453125
3240.675048828125
3985.302001953125
2712.319580078125
2435.906494140625
2598.289794921875
4568.50146484375
2641.739013671875
3680.91357421875
2373.7470703125
1132.96337890625
2863.269287109375
2137.7490234375
4279.458984375
2492.578125
3012.218505859375
2296.54931640625
3207.135498046875
5304.5478515625
4364.60595703125
6920.69189453125
2577.333740234375
2830.83642578125
1106.8265380859375
2204.029296875
2470.3115234375
1313.44677734375
3463.194091796875
3262.403564453125
3834.55126953125
3788.9912109375
4808.2099609375
3386.213134765625
3958.626708984375
3761.337890625
4231.08642578125
2086.66015625
3493.485595703125
4238.533203125
1923.2880859375
4119.029296875
3128.55224609375
3655.544189453125
3710.131103515625
3898.728759765625
3176.063720703125
3110.418701171875
3416.756103515625
4308.96044921875
4048.27099609375
1757.47998046875
742.522705078125
5389.7548828125
5143.56591796875
4611.474609375
3598.794677734375
935.2171020507812
4166.060546875
3175.19140625
2883.625
2470.898193359375
2597.27392578125
3355.17578125
1955.1181640625
2444.817138671875
3812.601806640625
3042.82958984375
1873.37890625
1300.8262939453125
3496.950439453125
2625.5234375
3334.630615234375
3286.46875
4324.40771484375
3105.62353515625
6102.1015625
5544.99365234375
2926.024169921875
2687.282470703125
1635.1390380859375
1873.3948974609375
3064.559326171875
2716.1083984375
2848.57958984375
3089.583740234375
4512.4765625
2765.600830078125
2347.633056640625
965.8392944335938
2258.364990234375
3374.31689453125
1892.66259765625
712.0134887695312
2937.7294921875
3217.5771484375
3812.08740234375
3152.210205078125
3882.1376953125
5029.291015625
2317.282470703125
2906.340576171875
1910.03759765625
2704.347412109375
3669.322265625
3509.99755859375
3945.54541015625
3727.393798828125
3089.29736328125
3314.480712890625
2567.887451171875
1163.7047119140625
4135.31640625
4129.27099609375
3316.116943359375
3467.17822265625
2964.04833984375
1696.142333984375
1393.5084228515625
4315.66748046875
1718.423095703125
2026.573486328125
2922.7060546875
2798.441650390625
3294.79833984375
3857.330322265625
2965.728271484375
3130.781005859375
2888.963623046875
1871.9619140625
2828.783935546875
1900.8590087890625
3050.273193359375
3326.66064453125
2984.055419921875
3519.3388671875
2477.974853515625
1971.938232421875
2475.0576171875
3215.096435546875
1825.7891845703125
1638.983642578125
2487.602294921875
2160.1044921875
2549.387939453125
2681.02001953125
3705.16845703125
1739.8648681640625
3601.415771484375
2663.618408203125
2673.34228515625
3620.17529296875
1506.162109375
3057.012451171875
2053.85546875
2622.438720703125
5997.75390625
4667.24853515625
3938.067626953125
4217.98876953125
2749.447998046875
3088.185791015625
3303.92236328125
2993.51416015625
2264.39404296875
3644.142333984375
2500.409912109375
5797.14208984375
3062.74609375
4764.6533203125
5508.37353515625
3533.996337890625
2790.929931640625
2289.33056640625
2264.6806640625
2217.763427734375
2417.760498046875
3147.640869140625
1742.6822509765625
2755.561279296875
1501.0875244140625
1934.8212890625
1462.90673828125
1403.69873046875
1896.16552734375
1226.1444091796875
2504.43994140625
5039.755859375
5245.44921875
4810.576171875
3589.15869140625
1656.790283203125
1130.6236572265625
2647.720458984375
4436.05419921875
2882.967529296875
2687.0703125
2656.347900390625
2372.2255859375
2782.771728515625
3634.529052734375
2958.02734375
3331.04345703125
2731.46630859375
3107.97802734375
5839.6162109375
2885.311767578125
2307.461669921875
2478.53515625
3011.7451171875
3629.412109375
2891.828125
3720.29736328125
2365.77392578125
1327.8582763671875
3400.739501953125
1672.9417724609375
2749.080810546875
3432.090576171875
1441.0062255859375
1334.3028564453125
2084.3935546875
1738.106201171875
1049.493896484375
4822.0107421875
4997.46728515625
3663.039794921875
3496.052734375
3205.17138671875
2178.71142578125
2548.771728515625
3623.2587890625
4164.16943359375
3267.28515625
3206.33056640625
4246.39208984375
4168.3662109375
3992.865966796875
2618.73291015625
3107.47607421875
2509.594482421875
944.6361083984375
3308.99853515625
4687.44287109375
1521.49169921875
3525.736083984375
1922.0836181640625
1043.0440673828125
2190.435302734375
3359.3759765625
3196.9619140625
1246.0859375
3073.267578125
2930.8671875
3107.22265625
3508.220703125
2988.568603515625
3893.3935546875
2180.00244140625
2247.18212890625
3638.756591796875
3157.21728515625
3770.847412109375
3111.36767578125
2756.737548828125
3344.23779296875
2958.3994140625
3283.271484375
3039.843505859375
1701.1956787109375
5966.13818359375
6208.220703125
3561.497802734375
4518.6708984375
1628.8643798828125
3419.469482421875
2991.197265625
1113.8155517578125
2118.32080078125
1824.699951171875
3214.303955078125
4012.361572265625
3324.94140625
2798.298583984375
2042.962158203125
2212.578125
3977.07958984375
1883.1529541015625
1668.7200927734375
2373.049072265625
5090.54150390625
1891.751220703125
3749.211181640625
4309.935546875
3799.42626953125
2875.624267578125
2818.997314453125
1831.5814208984375
1064.744140625
2839.42578125
2556.45361328125
3192.656982421875
3550.7587890625
3285.808837890625
2873.579833984375
2012.982421875
1385.2799072265625
3187.130615234375
2398.425537109375
1578.5205078125
3534.85693359375
3249.359130859375
1230.9259033203125
2136.934326171875
4879.5625
2351.39697265625
5613.18994140625
4133.53076171875
5103.02734375
5417.05126953125
905.2666625976562
1752.6239013671875
1376.5555419921875
2778.27392578125
960.822265625
3028.2802734375
2616.44189453125
1609.41845703125
1520.0174560546875
3077.02734375
4946.47802734375
2927.273681640625
3193.521728515625
3813.306396484375
3387.501708984375
4001.34765625
5378.7001953125
5439.025390625
3458.966796875
3130.297119140625
2518.390380859375
2478.929931640625
4362.892578125
3815.367919921875
4103.81689453125
1497.3150634765625
3517.336181640625
2312.942626953125
3559.57177734375
2830.602294921875
2752.479248046875
3149.1064453125
2387.362548828125
3304.10400390625
1881.1939697265625
3494.77880859375
1779.8173828125
2274.918701171875
3396.50830078125
863.5479736328125
1005.4443359375
3527.37158203125
2515.5146484375
2604.36865234375
2348.118896484375
2928.575927734375
3804.475341796875
3067.0185546875
2641.053955078125
2357.716064453125
3186.15185546875
3030.4169921875
2087.263671875
2193.425048828125
2322.793701171875
3516.1708984375
3817.95068359375
3389.328857421875
1928.2178955078125
3350.6923828125
4618.66845703125
5206.31689453125
4554.52587890625
1264.319091796875
1579.0126953125
2208.10302734375
4512.287109375
3328.222900390625
3332.879150390625
2365.202392578125
2665.096923828125
2760.747314453125
3283.619873046875
2972.78271484375
2922.3779296875
3678.782470703125
2445.404541015625
4820.859375
3418.82666015625
3926.944091796875
3401.9970703125
1752.788818359375
1044.8704833984375
3243.552001953125
4744.08251953125
2644.20166015625
2148.402099609375
2537.407958984375
1745.31884765625
2246.92138671875
2270.927734375
4265.97607421875
3697.882568359375
5224.8544921875
3086.49609375
2607.245361328125
3298.18994140625
3053.275146484375
2975.12548828125
5930.27978515625
4607.04296875
2650.28759765625
3341.039794921875
1686.2618408203125
5113.4853515625
4315.51953125
1648.0123291015625
1265.032470703125
3716.845458984375
3864.998046875
3079.65625
3372.07470703125
3498.3828125
2068.787353515625
4193.4560546875
2061.993408203125
1993.693359375
2066.321044921875
1994.52392578125
2579.139892578125
2567.663330078125
2879.24755859375
2903.86328125
3158.9521484375
3069.49658203125
2287.624755859375
2265.74169921875
1129.44287109375
2739.535400390625
3328.187255859375
4648.95703125
1537.4825439453125
2817.484619140625
4948.69189453125
3671.22509765625
3054.02587890625
1525.895263671875
1968.784423828125
2146.17578125
3613.537353515625
3134.2265625
3231.909912109375
3033.539306640625
3707.698974609375
3928.26171875
3584.9111328125
1438.98388671875
2138.803466796875
1401.8804931640625
1608.2861328125
704.4437866210938
1851.758544921875
705.2561645507812
1164.22705078125
2517.108642578125
2663.17138671875
3890.8916015625
3153.975830078125
3603.009765625
4410.60302734375
6392.576171875
4620.2353515625
1296.6336669921875
2701.905029296875
4118.35205078125
1763.010498046875
5363.0595703125
2411.771728515625
3100.486083984375
5030.93798828125
3631.109375
2396.29736328125
3178.177978515625
3417.193359375
3355.8369140625
3548.749267578125
3050.318603515625
3971.6669921875
2764.729736328125
4381.86279296875
4590.314453125
3738.869873046875
1107.48193359375
1511.1907958984375
2448.58544921875
3219.92822265625
2586.46630859375
2672.983642578125
3012.255615234375
3851.8857421875
3389.811767578125
5027.43994140625
3921.891357421875
3341.712646484375
2508.083251953125
3001.087890625
2960.553466796875
1164.1678466796875
2506.30810546875
4213.07177734375
4070.040771484375
3140.730712890625
2622.192138671875
2217.1240234375
3602.687255859375
5723.248046875
2588.96142578125
4020.260498046875
3377.63916015625
4042.2724609375
3335.360595703125
1302.121826171875
1644.6517333984375
724.0038452148438
689.7247924804688
2875.414306640625
2314.14501953125
3072.233642578125
3621.88134765625
3269.39013671875
4416.9306640625
4309.45263671875
3479.908935546875
3032.859375
2927.299560546875
3113.314697265625
3114.766357421875
3925.407958984375
4659.11279296875
3619.718017578125
5155.77001953125
2785.7626953125
2938.90966796875
3746.242919921875
2270.92724609375
1910.8404541015625
673.6282348632812
3715.8173828125
3267.294921875
3602.3388671875
3379.629150390625
3828.173828125
2193.468505859375
5060.67626953125
3810.373779296875
2136.720703125
2511.422607421875
2762.243896484375
4680.37548828125
3279.75439453125
3270.3955078125
4551.80224609375
1298.614013671875
2226.440185546875
1399.8914794921875
2962.7841796875
4142.458984375
2117.22314453125
2548.792724609375
3377.139892578125
2647.83984375
2163.640625
4225.8056640625
3039.455322265625
3261.61181640625
3502.3671875
5205.83984375
3369.06689453125
773.7364501953125
2400.039794921875
3492.722900390625
3523.070068359375
1713.3475341796875
3910.17724609375
3121.192626953125
1334.23388671875
751.2261352539062
1896.88525390625
4852.689453125
4101.4287109375
1525.187255859375
1868.344970703125
2204.61181640625
2843.930908203125
1929.0076904296875
2198.640625
3283.991943359375
3201.027587890625
3154.31298828125
3455.46728515625
2571.20947265625
2754.8984375
2352.779296875
1980.7073974609375
5566.06640625
3632.079833984375
3388.9189453125
4466.36474609375
3431.648193359375
3114.428955078125
4048.792236328125
3300.712158203125
4894.7392578125
4134.29833984375
4584.7578125
4103.93994140625
2802.555419921875
2496.743408203125
2652.993408203125
4373.6962890625
4139.0068359375
2858.908935546875
5252.28564453125
5784.15380859375
2439.033447265625
4735.0439453125
5936.25927734375
2766.567626953125
5042.0634765625
2882.293212890625
2318.21142578125
6547.95849609375
2983.5146484375
2384.058837890625
2082.553955078125
2972.742919921875
2165.260986328125
2406.241455078125
1950.39404296875
4464.0322265625
1187.1812744140625
981.4151000976562
1753.6993408203125
1364.6529541015625
2102.352783203125
1061.5347900390625
2797.662109375
2831.70068359375
3355.14453125
3154.84423828125
1605.4906005859375
2988.4658203125
4226.32763671875
3736.884765625
3614.898193359375
3752.191650390625
1444.359375
1621.0010986328125
4355.26904296875
2173.357666015625
3016.87060546875
3941.172119140625
3524.491943359375
3541.125
1662.0087890625
2397.59765625
3069.979248046875
3103.565185546875
2045.958984375
1452.660400390625
3377.94384765625
4012.361572265625
2083.588623046875
1914.9251708984375
3295.05419921875
2872.35498046875
2742.017578125
1801.6624755859375
2566.986083984375
2975.282470703125
3632.885009765625
3019.974365234375
3120.185302734375
2800.9111328125
2929.010986328125
2875.957763671875
2144.605712890625
2412.685546875
2478.193603515625
2885.611083984375
1708.7003173828125
2645.62548828125
2918.748046875
2680.15283203125
2143.47216796875
1813.850830078125
3062.406494140625
2712.135009765625
2950.683349609375
2756.25634765625
4449.01416015625
3951.02880859375
2949.985595703125
3394.2294921875
1648.3267822265625
2280.697998046875
2134.995849609375
2887.56689453125
2120.904541015625
4938.1787109375
2901.886962890625
3193.634521484375
4010.03125
2892.1015625
4234.77392578125
2887.150390625
2536.44921875
3790.317138671875
4746.4443359375
3453.1533203125
3297.14111328125
3873.083251953125
3633.870849609375
2570.933837890625
3257.18994140625
2844.1015625
3909.540771484375
3009.563232421875
3493.800048828125
3675.890380859375
3229.97900390625
4729.81494140625
4088.531005859375
2808.3388671875
1781.001220703125
2353.837646484375
2545.94189453125
2533.992919921875
2579.74951171875
1522.3360595703125
2413.200927734375
4844.12646484375
2665.051025390625
2744.679443359375
4455.98828125
3563.92333984375
4457.64794921875
3633.187744140625
2487.583984375
3360.848876953125
2715.841064453125
2826.728271484375
3927.150390625
3333.786376953125
3492.597412109375
2921.064208984375
2921.064208984375
2274.660400390625
3116.3505859375
3495.880859375
1699.0333251953125
3466.643798828125
4193.8271484375
4610.7392578125
2844.602783203125
2218.130615234375
2178.41845703125
2537.071044921875
2609.103271484375
1903.74462890625
3738.8291015625
934.8837890625
3854.95458984375
2995.4052734375
3591.71337890625
2871.568603515625
3590.63720703125
2630.403564453125
3618.2841796875
2656.886474609375
3660.484619140625
3069.30224609375
3315.6826171875
2424.2255859375
2588.603271484375
2708.41455078125
3275.287841796875
1719.971923828125
3545.39990234375
2429.86181640625
3990.330078125
1352.34814453125
2112.896240234375
2680.5908203125
2701.215087890625
1746.7852783203125
3147.74658203125
3103.795654296875
3086.547607421875
2689.18701171875
3547.192138671875
2582.2109375
2756.72021484375
2567.710205078125
2425.069091796875
2297.85693359375
2107.369384765625
3079.027099609375
3652.360595703125
3741.22314453125
2739.762939453125
3002.77587890625
3280.39892578125
2636.818603515625
2561.856201171875
4263.75
1328.7706298828125
1849.4263916015625
2931.214599609375
3019.974365234375
3031.652099609375
3955.74951171875
3049.033203125
4421.5078125
5180.42822265625
2803.31103515625
3040.492431640625
3090.42822265625
1509.07177734375
3693.051513671875
2030.5615234375
4320.44921875
1914.8616943359375
3239.8837890625
2755.52001953125
3074.212158203125
4179.70849609375
4014.509521484375
3873.315185546875
3311.760498046875
2475.99755859375
3437.390380859375
2708.867431640625
3977.020263671875
4065.4287109375
2953.97412109375
2927.22412109375
3351.964111328125
3482.207275390625
2384.232421875
2504.905029296875
5992.705078125
3220.709716796875
1959.3179931640625
4893.6630859375
3493.368896484375
3867.24560546875
4560.0869140625
2180.217529296875
3036.636962890625
4973.884765625
3995.780517578125
3206.0751953125
3057.27783203125
3992.540771484375
3254.196044921875
2297.443359375
2788.2060546875
2313.197998046875
3123.0771484375
3021.005859375
3541.5908203125
3192.345947265625
2220.79150390625
1438.578369140625
2986.411865234375
2396.058837890625
3142.72509765625
3095.7236328125
3095.7236328125
3155.19970703125
1847.2608642578125
2742.011962890625
2927.014892578125
508.20782470703125
1343.6544189453125
3553.049072265625
3333.9638671875
3180.422119140625
3171.272705078125
1443.7635498046875
1301.828857421875
2799.012451171875
2634.1318359375
2056.167236328125
1912.45458984375
2503.12646484375
1252.92529296875
2382.209716796875
3066.86572265625
4350.14306640625
2189.6484375
3556.74365234375
1739.4359130859375
2276.543701171875
2871.247802734375
4104.30712890625
4211.81787109375
3256.520751953125
3329.017333984375
2288.752685546875
4647.0263671875
2178.71728515625
3102.83642578125
3247.998291015625
3045.234375
3268.1337890625
2526.315185546875
3924.62109375
2989.78466796875
3064.92724609375
3290.869873046875
3244.238525390625
2418.22216796875
4309.99853515625
3082.695556640625
5461.44287109375
1682.640625
2808.226806640625
2808.226806640625
2629.41357421875
1599.20849609375
3056.413330078125
3734.66162109375
1866.537353515625
2968.2197265625
2251.039794921875
2540.699462890625
2547.805419921875
3167.08056640625
2498.6640625
4156.8671875
1871.355224609375
2857.882080078125
2905.8974609375
3036.847412109375
2992.56591796875
2960.999755859375
4749.4169921875
3313.211181640625
2312.922607421875
4762.177734375
5839.6162109375
4381.400390625
1667.367919921875
1685.4033203125
2917.24169921875
4645.0966796875
5118.5205078125
3263.19482421875
4707.1103515625
3799.494140625
2410.468994140625
4065.52587890625
4334.0380859375
2170.841064453125
5065.7783203125
2360.7763671875
3260.505126953125
3397.81005859375
2394.33251953125
3355.111083984375
3564.751953125
3229.306640625
2528.832275390625
4263.16015625
3167.134765625
3824.533935546875
3751.704833984375
4074.578857421875
3630.534912109375
4235.0625
4179.32373046875
3583.453369140625
4232.49560546875
3439.7412109375
4127.13720703125
4074.931396484375
4095.83056640625
4824.9169921875
3218.529052734375
5778.263671875
3849.048095703125
3607.135986328125
3296.25048828125
3171.700927734375
2947.537353515625
3569.20166015625
4109.29931640625
3935.604248046875
4497.02490234375
4758.90869140625
6235.91015625
3720.276123046875
3129.020751953125
4617.77001953125
3502.53271484375
4047.727294921875
4033.7529296875
4198.19921875
4381.869140625
4686.84375
4568.17138671875
6782.2138671875
5493.46630859375
5487.087890625
5354.00830078125
4101.7255859375
5390.4140625
3883.73681640625
5740.50341796875
3036.53759765625
4255.10546875
2823.166259765625
4620.3828125
3204.826904296875
2605.4765625
3834.837646484375
4084.22314453125
4009.279541015625
3725.62158203125
4214.447265625
3777.48193359375
2746.274169921875
2442.072265625
4540.12353515625
2417.389892578125
3609.000244140625
2016.7115478515625
2666.686279296875
4704.568359375
3262.203369140625
5648.31298828125
6056.3583984375
3793.727294921875
4455.2490234375
4235.75390625
3445.886474609375
3360.05712890625
4008.626220703125
3561.406005859375
3919.886962890625
2868.076904296875
3665.15185546875
3149.0107421875
4117.62744140625
2467.02978515625
3649.599609375
3492.400146484375
2973.113037109375
1668.4554443359375
3477.940185546875
3158.028076171875
2848.18603515625
3313.639404296875
4108.59814453125
4605.412109375
4126.0546875
4391.021484375
3534.22412109375
2643.2353515625
3066.876220703125
2658.687255859375
4849.8212890625
3516.095703125
3633.873779296875
3292.908203125
3156.791748046875
4176.294921875
3139.718017578125
3853.578125
3909.137451171875
3426.434326171875
2449.591064453125
1551.8414306640625
6858.98974609375
2138.208740234375
1304.894775390625
4315.15478515625
4131.2802734375
1377.9478759765625
3679.859375
1823.5322265625
3119.299072265625
3354.014404296875
2706.51416015625
3631.257568359375
4472.87548828125
3001.35888671875
4472.87548828125
4516.55712890625
1672.2476806640625
4735.9287109375
2224.656494140625
1771.45166015625
3661.802734375
3521.3291015625
4862.38134765625
4109.29931640625
2557.071044921875
2305.599365234375
3482.795654296875
3229.672119140625
3628.753662109375
4718.80322265625
3660.916259765625
5134.26416015625
3203.933349609375
3304.0068359375
5070.99267578125
3393.47998046875
3966.813232421875
4041.6025390625
3786.4111328125
3472.760498046875
4344.05810546875
1941.148681640625
2612.336669921875
2900.403076171875
3697.75390625
3590.8984375
3755.69140625
3503.2314453125
3771.72900390625
4571.7314453125
3785.307861328125
2869.8837890625
4866.46728515625
3721.866943359375
3740.49169921875
3548.40869140625
4111.43896484375
3183.96728515625
3296.211181640625
3315.070068359375
4011.080078125
6913.28759765625
5343.90771484375
3981.385009765625
3841.767333984375
4245.361328125
3629.038330078125
2479.0458984375
2337.38720703125
2263.95263671875
2399.233154296875
3908.110107421875
5052.0439453125
5601.02490234375
5201.9091796875
3071.431640625
2657.463623046875
3635.820556640625
5981.01318359375
1545.5782470703125
2375.014404296875
3067.212890625
2317.276611328125
1372.1019287109375
1962.0682373046875
1997.807861328125
1484.1729736328125
1486.6544189453125
4415.9287109375
3032.712890625
5789.6708984375
7156.373046875
6329.384765625
6546.77294921875
5783.64404296875
6947.837890625
6778.25341796875
1696.0167236328125
884.160400390625
3320.716552734375
4497.4267578125
6328.03125
3651.401611328125
4726.38525390625
3315.83349609375
3190.79638671875
2970.146728515625
4251.8876953125
4038.560546875
5744.39013671875
4397.15673828125
3974.442626953125
4424.97802734375
3719.085693359375
3130.9736328125
4441.23779296875
4074.59716796875
4346.673828125
3397.591552734375
3715.864501953125
4940.9189453125
4629.36376953125
4438.81640625
5032.36767578125
4914.97705078125
4374.84619140625
3160.849853515625
2597.9814453125
3995.639892578125
4114.4833984375
3735.160888671875
3474.01708984375
3934.747314453125
3544.537353515625
4271.0888671875
3340.1826171875
3972.148681640625
5771.04296875
4919.52197265625
4740.30712890625
3462.4990234375
4385.33154296875
3229.283203125
3388.821044921875
2894.32958984375
2982.20361328125
2795.2998046875
3571.317626953125
2875.576416015625
3519.851806640625
4574.0078125
1027.8712158203125
3077.285400390625
3990.635986328125
5179.119140625
2924.26220703125
1333.419677734375
2565.994384765625
3559.077392578125
3790.043701171875
2696.553466796875
3000.839111328125
2863.291259765625
5954.24853515625
5357.4541015625
5015.4052734375
4505.9345703125
3956.492431640625
2215.06591796875
4599.7421875
2727.538818359375
5275.72021484375
2261.998779296875
3298.0322265625
4335.8193359375
2753.228759765625
2544.053466796875
3985.875244140625
4472.17529296875
2768.6357421875
3655.623779296875
3150.036865234375
3216.23291015625
4436.9609375
4840.01171875
3608.677490234375
5407.82177734375
3509.109130859375
5092.0361328125
5358.146484375
3950.560791015625
3905.37548828125
3412.469970703125
3958.159912109375
7461.2666015625
3961.541748046875
3449.504150390625
3402.867919921875
4550.29736328125
3529.223876953125
3741.319091796875
3423.114990234375
3010.471435546875
1321.21337890625
3725.717529296875
2753.429931640625
3137.516357421875
3362.69482421875
4151.88427734375
5339.330078125
2483.9833984375
2872.9365234375
2714.558837890625
4045.449951171875
4286.06396484375
3537.86474609375
3046.986328125
4289.078125
4155.46240234375
4670.005859375
3965.40185546875
3348.6396484375
4120.05078125
6005.658203125
3801.94873046875
4466.4404296875
3698.376953125
2984.201171875
4691.6259765625
4278.2197265625
3902.281982421875
854.6622924804688
3007.383544921875
2471.433837890625
4505.076171875
5243.44287109375
4469.66162109375
4489.517578125
3983.426513671875
4697.591796875
1502.5693359375
3378.692626953125
4931.1328125
6586.9794921875
3339.32861328125
5953.9501953125
5509.1103515625
3981.515625
3711.55419921875
5269.00634765625
4914.84130859375
4605.720703125
5352.30615234375
1824.9351806640625
3098.57861328125
2698.486572265625
3875.991943359375
1601.5093994140625
4135.5419921875
4775.61572265625
3759.523193359375
4077.360595703125
3957.830810546875
4686.4697265625
4154.6630859375
4170.6904296875
3395.17138671875
3448.20166015625
5063.478515625
3620.06005859375
3098.226806640625
4406.7255859375
4389.37841796875
6810.71923828125
3390.830322265625
2359.138427734375
2100.939453125
3932.771240234375
3610.30224609375
3488.6953125
3744.601318359375
2755.542236328125
2539.459716796875
1826.739501953125
5203.32861328125
3795.385498046875
6412.84912109375
5196.1943359375
5489.00390625
4111.158203125
5140.35888671875
4663.8017578125
3166.763671875
3649.8916015625
4555.22412109375
3740.884033203125
3313.672607421875
3346.55712890625
4525.0234375
6812.6923828125
3068.46484375
3963.9091796875
5508.27783203125
2475.102783203125
4231.2353515625
4732.20068359375
6083.70166015625
5734.4033203125
6864.2216796875
4772.12109375
2535.23095703125
2901.9296875
2914.43798828125
2356.674560546875
2684.728271484375
4302.681640625
2541.803955078125
2966.73388671875
3702.788330078125
2995.87548828125
3510.716796875
3037.983154296875
4224.3251953125
4158.5078125
4594.6240234375
3719.398681640625
3285.305908203125
3372.35205078125
3464.5693359375
6194.3486328125
3271.750244140625
2019.4110107421875
3095.627197265625
3171.535400390625
2753.716552734375
4820.623046875
2877.099609375
2808.792236328125
5234.11865234375
2951.383544921875
2546.789306640625
2987.324951171875
3456.749755859375
3422.02001953125
3618.4873046875
3131.48388671875
3034.76513671875
2867.877685546875
3768.993896484375
951.0540161132812
4993.49609375
3076.698974609375
2477.359130859375
2062.68798828125
5074.08740234375
5120.8505859375
3515.334716796875
2607.5615234375
3720.14453125
5035.61572265625
2915.783447265625
2897.56298828125
2660.13671875
2027.5772705078125
602.157958984375
4611.6572265625
3324.8681640625
2047.5831298828125
5450.44287109375
2654.432861328125
4528.99853515625
3628.292724609375
4128.40771484375
3504.42626953125
3997.260009765625
2641.57666015625
2878.22509765625
3328.787841796875
4166.20556640625
4437.1875
2629.978271484375
5495.353515625
2303.77685546875
1307.4949951171875
2254.1513671875
1084.5654296875
1773.9024658203125
1671.9583740234375
1832.4896240234375
2225.87841796875
5290.40283203125
3596.889892578125
4057.641357421875
4917.16259765625
2947.67578125
6313.35400390625
3615.423828125
5792.83203125
3041.2978515625
1751.607177734375
4362.3984375
3929.20263671875
3882.041748046875
1844.843505859375
2087.66064453125
1422.772705078125
3936.64453125
4266.24365234375
3907.004638671875
3350.10302734375
1440.8870849609375
3246.749267578125
3337.82373046875
4446.8740234375
4679.57275390625
3070.524169921875
1603.6805419921875
5306.732421875
4741.8447265625
5131.43115234375
4802.6201171875
5720.8173828125
5241.41357421875
4220.97216796875
5107.03515625
5163.09765625
5569.576171875
2393.585205078125
4651.255859375
3550.1162109375
3884.035400390625
3111.734130859375
4741.60205078125
3873.06005859375
2353.4326171875
3152.864990234375
2023.889404296875
2898.2978515625
3417.3486328125
3730.067138671875
2965.203369140625
2814.415771484375
3089.099853515625
1785.79931640625
1995.144775390625
947.5921020507812
4710.11474609375
3488.631103515625
4682.44384765625
5317.06005859375
4610.0966796875
5637.20458984375
3236.18212890625
3017.521484375
3705.898193359375
2108.9521484375
2389.27197265625
4344.21826171875
4035.72265625
4328.9833984375
3855.958984375
5171.896484375
5608.96484375
5818.72802734375
6891.224609375
4194.62646484375
4860.142578125
4317.25830078125
5582.580078125
3290.692626953125
3378.31640625
3238.09619140625
4256.53466796875
4472.01513671875
2264.494384765625
5506.6748046875
5104.58935546875
3800.21240234375
4314.14306640625
2137.9091796875
2768.45068359375
2496.960693359375
2654.9697265625
3834.19189453125
3402.73388671875
2992.2373046875
3202.921630859375
2913.748779296875
4890.6025390625
2809.515869140625
3248.614013671875
2422.3583984375
2273.12548828125
2979.764892578125
2766.295654296875
2647.310791015625
4200.17919921875
3262.69775390625
3362.646484375
3280.52734375
5699.6943359375
4208.98828125
4831.7578125
5429.84619140625
3765.504150390625
2574.10693359375
3039.260009765625
2902.21484375
3798.91357421875
2467.43994140625
5068.75927734375
5082.56201171875
2415.373291015625
4119.46728515625
4138.12060546875
4966.41162109375
4343.025390625
1827.38671875
2409.616943359375
1581.7720947265625
4911.92431640625
2952.007568359375
4611.71875
4150.65283203125
4848.603515625
4656.16455078125
5454.14453125
4682.58349609375
3466.457763671875
3570.97607421875
3425.525390625
3191.68359375
3698.04833984375
2984.600341796875
4418.75439453125
3104.951171875
3492.720947265625
2694.02001953125
3176.989013671875
3177.68798828125
3318.50146484375
3841.6318359375
3017.825439453125
3273.651123046875
3481.006103515625
2529.163818359375
3024.470947265625
2950.908203125
3995.30224609375
3459.625244140625
2687.8623046875
3207.872314453125
2050.156494140625
3978.890380859375
3443.2138671875
4404.4482421875
3870.3544921875
4194.8740234375
2057.79443359375
2757.56591796875
3312.109130859375
2271.4521484375
4431.0126953125
4295.392578125
2432.408447265625
3995.81201171875
3419.271484375
2910.748291015625
3186.286865234375
3811.27783203125
3739.29296875
2426.0517578125
5210.94970703125
4343.0009765625
4859.11328125
5096.1484375
3560.528564453125
3944.405029296875
3142.671875
2721.4501953125
2895.077392578125
2727.28076171875
4380.05908203125
3118.144775390625
6567.75732421875
6083.24853515625
3970.20361328125
3306.161865234375
4032.685546875
3416.586181640625
2548.891357421875
3249.484375
3190.684814453125
3088.378662109375
3374.745361328125
3374.745361328125
3728.4990234375
4252.0634765625
4302.22021484375
5343.041015625
4706.8408203125
2641.189697265625
3414.111572265625
6009.2529296875
5167.06591796875
4453.33837890625
5408.478515625
4230.6875
2847.69482421875
4433.310546875
3718.103271484375
4566.1494140625
2812.96484375
2286.668212890625
3561.90771484375
4281.140625
5438.6806640625
4917.890625
4342.35888671875
4294.38330078125
4622.7919921875
3369.08056640625
3033.49267578125
3426.24462890625
5003.18994140625
3576.973876953125
1961.725830078125
4784.75390625
4021.8984375
4109.65576171875
2726.44189453125
5281.6982421875
6475.591796875
2168.130859375
3763.398193359375
3672.89013671875
3121.8583984375
2263.122314453125
3550.927978515625
2505.292236328125
5869.08203125
6780.662109375
3496.936767578125
4204.2509765625
2897.03271484375
2754.256591796875
3206.88671875
4095.313232421875
4422.55419921875
3934.133544921875
2915.376708984375
1793.179443359375
1837.556640625
3647.335205078125
2998.67578125
1957.85791015625
2852.00732421875
2657.4833984375
2532.330322265625
2082.49560546875
2883.379150390625
1871.5765380859375
3523.6220703125
4741.60205078125
5595.80029296875
5616.7861328125
2613.88037109375
2849.431640625
3010.2744140625
3791.357177734375
3880.492919921875
3848.558837890625
4547.40869140625
3527.215087890625
2512.035888671875
3107.851318359375
3789.32861328125
3875.779541015625
3478.25244140625
3034.22802734375
2311.552978515625
3328.805419921875
3373.85546875
2816.713134765625
3421.127685546875
4528.12060546875
3915.437744140625
5325.47021484375
6452.142578125
4519.5888671875
4369.16552734375
4051.610107421875
5560.3212890625
4804.21875
5169.65625
3311.9814453125
4075.861083984375
2266.836181640625
3285.53662109375
3452.089111328125
2526.050048828125
5168.02783203125
4962.79638671875
3643.09228515625
2802.307373046875
3298.091552734375
3713.227783203125
3630.46923828125
5410.0625
3141.127197265625
2707.53466796875
1340.214599609375
2730.432373046875
2784.361083984375
4493.8427734375
4030.666748046875
3594.091552734375
3586.343994140625
4165.87646484375
3508.41552734375
4314.04931640625
3443.1826171875
3266.66064453125
4198.2119140625
3658.865478515625
4012.327880859375
4188.55810546875
3254.982421875
3425.195556640625
3641.069091796875
3971.94091796875
3399.519287109375
4171.02587890625
3888.310791015625
5715.95703125
4546.3544921875
4216.8134765625
5361.771484375
4273.09521484375
4844.29931640625
5124.32763671875
4184.28369140625
4762.2822265625
3412.5263671875
4476.7294921875
3738.328125
5109.90478515625
2336.821044921875
4032.782958984375
4004.01416015625
3700.55859375
4402.169921875
4255.4716796875
7150.263671875
5334.09423828125
7914.04150390625
4856.5234375
4550.48046875
5079.349609375
4313.1064453125
5240.95556640625
5035.09765625
3008.48974609375
3242.61328125
3217.854248046875
4426.984375
5454.19873046875
4048.769775390625
4455.38671875
3526.479736328125
2111.918701171875
3035.220703125
2999.6826171875
2978.94677734375
3373.54296875
5555.1298828125
5062.3466796875
6909.5009765625
5758.98681640625
5197.177734375
5156.96728515625
4864.505859375
4252.48193359375
4827.50927734375
4461.14501953125
3926.295166015625
3295.815185546875
2648.778564453125
6248.56005859375
4691.80078125
3835.988525390625
4202.46630859375
3655.03857421875
3978.116943359375
3548.718505859375
4883.421875
3274.933837890625
3271.19384765625
3671.18701171875
5532.10888671875
6395.37060546875
6426.310546875
3809.227294921875
3850.958984375
4103.49169921875
4860.11376953125
5385.7001953125
6032.06689453125
5631.560546875
5172.33203125
3701.482177734375
4000.953125
3332.60693359375
4714.09765625
4689.109375
3921.725830078125
5637.4072265625
3328.07080078125
3056.7353515625
4432.283203125
3986.7900390625
3508.366943359375
3180.46337890625
5656.6630859375
3593.5244140625
3194.51171875
2511.466552734375
3265.247314453125
3287.347900390625
2806.314208984375
3007.408203125
4442.6396484375
4181.83203125
4833.41748046875
5325.57177734375
2940.6806640625
5305.4345703125
4931.05859375
4970.9267578125
4514.46533203125
5608.44677734375
6017.23046875
4685.34619140625
4007.728271484375
5395.42724609375
3668.718994140625
3310.348876953125
4078.04345703125
3207.649658203125
6112.87939453125
4315.2451171875
3988.268798828125
6033.7705078125
3940.8798828125
3458.356689453125
4523.9970703125
3628.289794921875
1706.53564453125
2988.5634765625
3296.1591796875
5345.47216796875
4318.6669921875
3606.04150390625
3816.609130859375
3192.31201171875
3839.041259765625
2874.3193359375
3151.108642578125
3664.779541015625
2669.821533203125
5171.03515625
4363.376953125
5643.1142578125
5182.63525390625
3970.076904296875
3509.765625
3548.8330078125
4051.876953125
3461.61572265625
6633.7900390625
5243.21240234375
4069.091552734375
4311.50732421875
5089.70361328125
4856.4482421875
6120.8837890625
4089.461669921875
5803.291015625
1863.6800537109375
2650.296142578125
4281.0185546875
3193.247802734375
2701.54931640625
3092.820556640625
3768.043701171875
4178.95751953125
4316.66064453125
3928.947998046875
4284.5546875
3563.24267578125
3327.951904296875
4595.1044921875
4476.7294921875
4201.03369140625
3951.778564453125
3394.01220703125
3650.55126953125
4214.25341796875
2285.881103515625
2781.211669921875
6296.0537109375
5562.90234375
1718.7061767578125
3828.91259765625
1429.4822998046875
1513.7646484375
5503.87353515625
3168.64697265625
3717.3818359375
3619.577392578125
3317.111083984375
3235.679931640625
4267.8046875
2890.860107421875
4126.365234375
4128.87744140625
2919.727294921875
3176.619140625
3578.088623046875
4324.7880859375
4135.62451171875
3817.32861328125
5730.3759765625
3727.860595703125
3209.613037109375
3539.857421875
2246.01416015625
5154.01513671875
2843.913330078125
5848.8603515625
1090.7490234375
3226.024169921875
3035.029541015625
2947.946044921875
3569.103759765625
2666.44189453125
4656.4130859375
3270.626220703125
3199.714111328125
3343.820556640625
6256.513671875
4231.6953125
4936.37548828125
2582.360107421875
3115.1748046875
2332.61083984375
3797.3095703125
3993.260009765625
3727.449951171875
3380.6435546875
4511.19482421875
1822.77294921875
5501.5283203125
3565.984130859375
2440.126708984375
3554.28369140625
4537.7705078125
6188.03857421875
3206.5205078125
3894.371337890625
4663.83837890625
3933.50732421875
5153.89453125
3092.257568359375
2897.0625
3650.52734375
2922.962158203125
6305.2158203125
4976.00830078125
4507.63525390625
5299.09716796875
5304.49853515625
3759.690185546875
4910.41845703125
4551.58447265625
4789.671875
3828.860595703125
3960.8466796875
4261.5869140625
4641.671875
4853.86328125
5812.06201171875
3874.6669921875
3490.4462890625
3822.4169921875
3431.11962890625
2571.60009765625
3245.880126953125
3412.187744140625
3599.46728515625
3661.9814453125
3674.31982421875
3782.489990234375
3845.959228515625
5156.9736328125
4702.88037109375
3568.20849609375
5703.9443359375
3806.378662109375
2721.3515625
3396.30322265625
3822.287109375
3815.998291015625
2840.602294921875
4939.65087890625
3895.496337890625
4162.50927734375
3535.431884765625
5999.1103515625
2264.921875
4810.5263671875
3235.079833984375
4671.2509765625
5577.48828125
3846.46875
3016.4169921875
3765.791259765625
3547.49853515625
3477.34375
4404.783203125
4051.08935546875
3325.60791015625
3325.030029296875
3205.38720703125
2969.959228515625
3267.988525390625
4679.44384765625
6475.68408203125
3829.54833984375
1984.2108154296875
3567.146240234375
5026.46337890625
3347.06396484375
3883.855712890625
6180.07861328125
4622.7919921875
3666.655517578125
3890.564453125
3596.9609375
1912.5738525390625
2065.261474609375
2750.22216796875
3353.64306640625
3629.416259765625
4145.65673828125
3662.671142578125
3915.887451171875
2466.29638671875
2461.882568359375
3215.91357421875
5486.50830078125
3387.739990234375
4175.5576171875
3986.896484375
4144.7158203125
2553.463623046875
4003.359619140625
4589.68798828125
4175.453125
4518.3642578125
2081.530517578125
2195.626708984375
4598.01953125
6148.25390625
4203.20703125
4109.61669921875
4837.64404296875
3298.399169921875
2270.5595703125
3861.66943359375
4719.20751953125
3510.460205078125
4484.4375
3748.5224609375
5506.15869140625
5669.91796875
4909.52685546875
6152.06689453125
5578.44140625
3760.595947265625
7020.6318359375
3953.748779296875
3814.724853515625
4762.51025390625
3867.190185546875
3205.153076171875
4094.962890625
3036.0703125
4001.495361328125
3335.7021484375
4923.7607421875
3498.36572265625
5293.23828125
5319.2734375
3610.19189453125
2238.384521484375
2925.754150390625
3905.5859375
5197.75
6096.0810546875
5820.59375
5441.001953125
5882.40478515625
4792.533203125
4921.4736328125
4261.228515625
4310.1591796875
4195.33056640625
4484.76416015625
3071.345703125
4715.00537109375
3822.8046875
4143.40625
7029.9228515625
4431.35693359375
7160.623046875
5940.85693359375
3056.348388671875
4314.77783203125
7048.4482421875
5613.6689453125
3702.35888671875
4098.31640625
3985.004638671875
4798.07568359375
5933.70849609375
3620.54150390625
3816.807373046875
4644.47802734375
4157.69677734375
5273.21044921875
5646.41748046875
5966.771484375
5277.12158203125
6391.50537109375
5927.86669921875
6705.24658203125
5755.0380859375
4109.64501953125
6310.78271484375
5626.8095703125
4683.9482421875
5669.919921875
5838.375
4961.54443359375
6131.5205078125
5679.60400390625
5506.451171875
3054.251220703125
3525.847412109375
6197.8662109375
5493.56396484375
4537.220703125
4232.17724609375
5322.42578125
6117.69091796875
3997.96337890625
3935.082763671875
6059.1689453125
4923.45751953125
5362.00927734375
3895.800537109375
6909.4833984375
7008.041015625
6081.0283203125
6668.0595703125
5117.33642578125
5564.0712890625
4287.43896484375
3628.759765625
4075.2861328125
5927.51611328125
4900.96728515625
7569.09375
4000.4482421875
4793.0595703125
5626.8095703125
5601.4453125
3356.19091796875
4751.5634765625
5169.630859375
5802.09619140625
5803.61083984375
5828.98779296875
5877.404296875
5334.623046875
4592.60302734375
5525.048828125
4960.068359375
2537.740234375
4083.669677734375
2976.584228515625
3391.328125
5920.64794921875
5193.25439453125
4986.3271484375
4530.1005859375
6094.8388671875
4668.3974609375
5817.26904296875
4511.458984375
5526.41796875
2964.40869140625
3716.23193359375
2964.401611328125
5017.859375
5809.56201171875
1824.5966796875
4532.23876953125
4432.447265625
4498.24072265625
4784.95068359375
6246.48876953125
7005.15673828125
4919.525390625
5064.50390625
5205.75390625
3629.406005859375
4380.142578125
5013.38232421875
4526.14013671875
4308.904296875
5226.369140625
4878.228515625
4985.1318359375
5154.95068359375
5181.7265625
5843.37060546875
4922.890625
3961.1923828125
6003.5830078125
5812.90771484375
4252.103515625
5107.4169921875
2184.89453125
4216.0048828125
5894.986328125
6080.091796875
4408.52587890625
5054.65771484375
4819.64453125
5982.09619140625
5707.2197265625
6125.02099609375
6727.18505859375
7029.357421875
6227.22509765625
5981.50244140625
5840.244140625
6330.78125
6252.88916015625
7067.6611328125
5277.42236328125
5317.2529296875
6268.7470703125
4382.18798828125
5302.79638671875
3174.996826171875
3213.539306640625
4975.466796875
6997.037109375
5990.0830078125
4480.55419921875
6705.92236328125
4379.5576171875
6145.36083984375
4259.6884765625
6837.0458984375
7122.14794921875
6922.10693359375
6683.50439453125
7263.453125
4236.7158203125
5206.41064453125
5848.458984375
5333.59130859375
5621.421875
6633.6494140625
7020.4375
5391.41943359375
6619.10009765625
7082.81494140625
7222.74072265625
6621.162109375
6485.77001953125
6606.10009765625
7424.271484375
5962.640625
5640.49072265625
6249.54443359375
6241.86572265625
5911.4208984375
7315.83837890625
6803.890625
5369.00390625
6175.47998046875
6713.025390625
6439.39697265625
3868.71728515625
7593.255859375
5450.64453125
7134.0048828125
4912.3154296875
5554.0048828125
4451.10986328125
5813.3486328125
5166.69140625
4344.2275390625
6090.95166015625
5705.51171875
4930.73876953125
5226.99853515625
6388.73828125
5943.4931640625
5459.2392578125
4571.623046875
6386.44091796875
6550.822265625
4995.451171875
4876.57666015625
6319.03271484375
6727.93359375
4745.19873046875
6831.42236328125
6293.50634765625
6320.8798828125
5608.48974609375
6197.65234375
6539.13671875
4709.75537109375
6417.92041015625
3641.63818359375
6638.91650390625
5658.05322265625
6592.2294921875
6561.5244140625
6294.37109375
7230.7421875
6153.71435546875
4955.8994140625
4502.822265625
5159.9765625
7619.6884765625
5658.0390625
4272.12109375
6640.02978515625
6840.11083984375
5550.7998046875
6883.974609375
5249.4755859375
5862.35888671875
7167.18017578125
6824.04736328125
6988.62646484375
6479.1474609375
6615.83544921875
5586.7939453125
5996.09765625
6673.86328125
6982.62646484375
5832.4111328125
6707.54296875
4600.08642578125
6775.57080078125
6912.87939453125
5059.27099609375
5301.95751953125
7153.99560546875
5544.83984375
6255.1494140625
6908.78759765625
6536.63134765625
5909.05517578125
5911.5517578125
5117.3798828125
6520.69482421875
4403.39794921875
5779.787109375
5745.4755859375
6129.66552734375
7031.70263671875
5300.3642578125
4217.26708984375
5280.75830078125
6742.4052734375
4932.15673828125
6418.20068359375
5800.318359375
6174.79736328125
7297.876953125
5222.08544921875
5922.80810546875
2729.133056640625
5152.701171875
5256.72998046875
3776.859619140625
6439.32861328125
6713.08984375
5899.1240234375
6232.5517578125
5813.521484375
6743.478515625
7362.65380859375
6320.54931640625
6596.29541015625
3610.111328125
5588.00146484375
5061.31787109375
5030.07373046875
6177.82080078125
5271.9697265625
5915.40234375
6541.951171875
5779.31201171875
5585.9091796875
6408.37744140625
7261.68701171875
6955.9208984375
6048.25439453125
6901.18017578125
6501.6318359375
7263.552734375
7346.013671875
6289.8486328125
6862.169921875
6681.05517578125
5920.87158203125
6894.02294921875
6266.90234375
6317.4287109375
7525.26318359375
6683.09375
6538.52490234375
5117.84423828125
5253.03173828125
6201.34619140625
5983.5380859375
7010.2685546875
6049.83642578125
5423.96484375
5137.01416015625
8515.8720703125
8003.08154296875
4331.931640625
6400.18359375
6400.18359375
5985.60107421875
6147.27978515625
6634.42333984375
6938.84423828125
5986.8037109375
7881.298828125
6970.57763671875
6241.232421875
6572.8369140625
7302.3837890625
5686.0654296875
5939.28515625
6444.4521484375
7002.6953125
6551.46875
4786.10498046875
3863.879150390625
7547.3408203125
5842.63037109375
6341.80859375
3485.833251953125
7650.88427734375
6798.33349609375
4992.91357421875
6009.8076171875
6806.04150390625
4816.85205078125
7290.49853515625
4323.990234375
6248.23291015625
7004.646484375
7314.4697265625
4337.2978515625
6578.99560546875
7129.02734375
6446.07421875
5621.02880859375
6827.22509765625
6949.92138671875
7447.6064453125
7000.49267578125
6974.2216796875
6815.93505859375
6921.38671875
6304.7421875
6709.7626953125
6471.2255859375
5227.771484375
4925.384765625
7308.22021484375
7687.02490234375
6844.2060546875
8151.80419921875
6071.88916015625
6959.47314453125
7219.99560546875
6966.99853515625
6324.79248046875
6323.34765625
4909.3017578125
4286.21142578125
7535.74609375
7847.86328125
6853.408203125
6906.91650390625
6206.8486328125
7072.57080078125
7793.5869140625
7171.1044921875
7185.7294921875
6007.64111328125
5411.56640625
6623.0654296875
6330.01708984375
6960.06396484375
5887.3251953125
6983.5380859375
7193.974609375
7074.85009765625
5996.98388671875
5931.890625
6804.72705078125
4163.47265625
6343.0224609375
6658.76220703125
6979.529296875
5795.58447265625
7754.23388671875
7596.6650390625
7071.7021484375
6997.921875
7294.6806640625
7474.603515625
6752.47607421875
5849.84228515625
6869.79345703125
6763.52587890625
6888.5888671875
6301.0087890625
6627.4365234375
6775.60546875
6053.2236328125
6578.5341796875
6224.27294921875
7070.33349609375
6283.142578125
7955.37646484375
7306.71728515625
7969.37158203125
7069.2783203125
6793.91796875
8719.82421875
5880.9189453125
6383.1220703125
7232.5166015625
6932.22705078125
6898.771484375
7057.40234375
6819.443359375
7391.380859375
6409.14599609375
6934.4130859375
7175.5869140625
5762.7001953125
6189.13671875
6048.4599609375
6789.296875
4891.1181640625
7516.71728515625
6464.06787109375
6546.3837890625
6784.95703125
7181.36083984375
7422.01025390625
7014.3046875
6629.81103515625
4484.95166015625
4858.908203125