736.1106567382812
742.5147094726562
759.4086303710938
769.888916015625
728.5928344726562
740.785400390625
747.0467529296875
751.3768920898438
752.8273315429688
740.3202514648438
753.60546875
732.000732421875
695.310546875
730.8240356445312
753.724365234375
717.8199462890625
747.6422729492188
756.509765625
739.1820678710938
730.1040649414062
761.507568359375
736.6126708984375
745.5795288085938
757.1998291015625
765.4384155273438
733.3475341796875
738.7758178710938
754.401611328125
762.5385131835938
750.9988403320312
730.1170654296875
736.8951416015625
747.2865600585938
756.2053833007812
759.7839965820312
773.7180786132812
742.8050537109375
725.6942749023438
723.71728515625
736.6713256835938
727.5234375
746.4395141601562
750.6118774414062
738.2893676757812
702.8318481445312
743.7684936523438
745.003662109375
764.8101196289062
733.6284790039062
736.4530639648438
745.6712646484375
771.9893798828125
746.7471923828125
742.6715698242188
763.2146606445312
769.642578125
749.0323486328125
755.922119140625
719.87646484375
758.3763427734375
735.8526000976562
750.6619873046875
726.6411743164062
715.84033203125
741.93994140625
739.3650512695312
759.466552734375
740.7697143554688
746.8558959960938
770.6511840820312
725.8612060546875
739.0704956054688
756.4149169921875
745.3489379882812
718.68359375
741.5973510742188
742.2875366210938
753.1812133789062
759.7953491210938
738.7984619140625
748.0350952148438
742.548583984375
726.97265625
727.1039428710938
747.7349243164062
739.1113891601562
745.990234375
742.8291625976562
777.8861083984375
755.8175048828125
733.9617919921875
735.5673828125
744.7039184570312
750.3431396484375
759.1567993164062
746.5422973632812
752.6270141601562
742.8113403320312
751.1177978515625
741.7369384765625
729.5504150390625
759.7616577148438
743.9281616210938
755.4912719726562
722.6029052734375
728.1494750976562
748.0701293945312
757.4797973632812
743.4862060546875
738.6405029296875
745.0477905273438
756.41650390625
702.5425415039062
731.8622436523438
765.4991455078125
738.7605590820312
740.7347412109375
745.0451049804688
748.60888671875
726.96435546875
734.8175048828125
735.5657348632812
715.0316772460938
754.0187377929688
733.781494140625
752.6924438476562
745.0176391601562
750.4912719726562
750.190185546875
715.1195678710938
755.6442260742188
725.4683837890625
731.0252685546875
754.2982788085938
739.2308959960938
720.4644775390625
761.4746704101562
705.3705444335938
730.9811401367188
748.07568359375
742.1613159179688
771.9967651367188
745.8840942382812
731.4034423828125
732.0360717773438
744.9002075195312
744.020751953125
744.9190673828125
752.9969482421875
749.1911010742188
733.6171875
750.9276733398438
771.6015625
760.1322021484375
735.8735961914062
742.9569091796875
759.5269775390625
740.4603881835938
748.9656372070312
759.77099609375
719.7325439453125
768.4199829101562
765.035888671875
745.8901977539062
757.6449584960938
719.274169921875
734.284423828125
734.6978759765625
758.34765625
728.4005737304688
766.89111328125
734.8055419921875
756.9862060546875
756.1527099609375
737.1903076171875
745.3215942382812
775.2344970703125
756.7922973632812
748.4642944335938
749.2755737304688
738.1261596679688
737.7623291015625
743.8790893554688
738.944091796875
723.79736328125
756.0794677734375
741.2896118164062
762.9274291992188
743.9803466796875
752.8921508789062
736.716552734375
749.9700927734375
736.3927612304688
735.184326171875
732.656005859375
699.8250732421875
743.1587524414062
763.2485961914062
736.1519165039062
737.0055541992188
729.8026733398438
738.15771484375
756.392578125
743.0913696289062
706.7188110351562
764.2188720703125
734.7918090820312
732.660888671875
752.4810180664062
725.5200805664062
744.5682373046875
739.4087524414062
742.1285400390625
740.5875854492188
747.2395629882812
734.9192504882812
767.7819213867188
725.9979248046875
740.0247192382812
748.6742553710938
764.6171264648438
751.5021362304688
734.4701538085938
749.0299682617188
733.2959594726562
737.0325927734375
737.723388671875
764.7171020507812
755.1630249023438
752.0855102539062
759.6282958984375
728.2338256835938
756.1475830078125
731.1268310546875
741.3330078125
756.7330932617188
749.6900024414062
762.3661499023438
747.5172729492188
727.6917724609375
736.5281982421875
732.1199951171875
752.2512817382812
736.4025268554688
749.5812377929688
736.3346557617188
739.7115478515625
746.0438842773438
731.5742797851562
741.7968139648438
738.8684692382812
738.7146606445312
743.2542114257812
755.1342163085938
744.8313598632812
737.7444458007812
741.6140747070312
758.1657104492188
755.6676025390625
746.5132446289062
742.082275390625
759.2085571289062
757.7840576171875
754.9379272460938
737.6800537109375
725.0728149414062
722.9700317382812
729.7813720703125
741.2247924804688
755.9389038085938
776.6106567382812
750.8919677734375
739.7537841796875
748.9373168945312
744.5730590820312
750.58447265625
745.4458618164062
743.8816528320312
759.4146118164062
750.3673706054688
759.9080810546875
758.9652709960938
738.0693969726562
749.8280639648438
767.6903076171875
755.5896606445312
728.19580078125
746.5588989257812
731.71435546875
712.0991821289062
742.0422973632812
752.2460327148438
752.5033569335938
737.5359497070312
733.2894897460938
755.5964965820312
751.2704467773438
714.3948364257812
746.2616577148438
752.8916625976562
755.070068359375
752.3673706054688
731.49072265625
753.89306640625
727.3709106445312
752.4911499023438
722.7477416992188
747.578857421875
747.8618774414062
764.6494750976562
747.9413452148438
735.4772338867188
730.5216064453125
734.2616577148438
741.5097045898438
746.3038940429688
753.4646606445312
761.8880615234375
759.1364135742188
737.0287475585938
748.932373046875
777.8185424804688
734.844482421875
717.910400390625
730.7850952148438
773.0521850585938
753.8969116210938
749.865478515625
738.5883178710938
770.3561401367188
742.5739135742188
762.1752319335938
742.4361572265625
758.9592895507812
718.1343994140625
760.4116821289062
738.6976928710938
757.6907958984375
745.1746215820312
733.0667724609375
761.6441650390625
732.6930541992188
731.4943237304688
750.4724731445312
773.4442138671875
749.3598022460938
739.1530151367188
747.9688110351562
766.0894775390625
757.4866943359375
738.1924438476562
728.3992309570312
732.3976440429688
743.6148071289062
758.3285522460938
754.080322265625
744.017333984375
723.9276733398438
749.5234985351562
735.1737060546875
735.2689208984375
732.2141723632812
753.6787719726562
739.515869140625
752.3447265625
737.4747924804688
756.1967163085938
740.2793579101562
750.1828002929688
725.2100830078125
734.9490356445312
735.2655639648438
724.9617309570312
754.2570190429688
757.2264404296875
725.4774169921875
745.4457397460938
750.8374633789062
736.8396606445312
741.6030883789062
750.296875
759.802490234375
762.07470703125
740.4939575195312
753.0850830078125
758.591552734375
750.1607666015625
765.1765747070312
739.6425170898438
764.3865356445312
748.5103149414062
737.9913330078125
739.4002685546875
761.37255859375
757.7733154296875
737.5817260742188
752.2360229492188
749.83935546875
759.2083129882812
728.463134765625
740.0940551757812
759.2398071289062
736.23974609375
747.4901733398438
744.8973999023438
733.5252685546875
712.4984741210938
740.6466064453125
751.0233764648438
741.36181640625
750.3865966796875
718.1002197265625
707.5752563476562
719.0587768554688
734.1815185546875
767.9293823242188
739.118896484375
742.228759765625
751.8972778320312
740.3014526367188
740.8639526367188
746.3469848632812
762.9575805664062
771.1312255859375
737.6622314453125
739.7698364257812
765.9027099609375
738.9164428710938
743.1647338867188
736.8731079101562
757.7981567382812
752.4126586914062
740.8065795898438
741.434814453125
739.4368286132812
721.923828125
780.9166259765625
740.5405883789062
771.5430908203125
740.6286010742188
741.3649291992188
747.5526123046875
749.5339965820312
742.0206909179688
752.0548706054688
734.6029052734375
742.2114868164062
750.0021362304688
718.0589599609375
736.7482299804688
734.5921020507812
725.8216552734375
743.9820556640625
760.7106323242188
757.5523681640625
758.2354125976562
749.4163208007812
753.088134765625
735.94189453125
741.7684326171875
740.2908325195312
766.7472534179688
779.0098876953125
745.9225463867188
744.5436401367188
748.0415649414062
738.0413818359375
768.3414916992188
763.5621948242188
742.8544311523438
741.2184448242188
717.588134765625
742.7333374023438
770.2201538085938
754.0657958984375
756.8655395507812
772.2344360351562
730.3068237304688
746.7302856445312
732.7803344726562
742.8989868164062
733.8384399414062
765.733642578125
744.2109985351562
757.521728515625
743.6678466796875
760.4381713867188
724.1111450195312
757.9560546875
734.3681640625
740.2176513671875
771.95751953125
754.3807983398438
745.4435424804688
736.8575439453125
744.5098266601562
753.7929077148438
754.3292846679688
734.8875122070312
767.5894165039062
763.1461791992188
744.5476684570312
737.9362182617188
752.1653442382812
748.673583984375
759.5657348632812
739.1943359375
752.3139038085938
756.2744750976562
745.3284301757812
748.0068359375
755.0794677734375
736.772216796875
746.1039428710938
729.2824096679688
739.6253051757812
747.6906127929688
753.9242553710938
743.95068359375
751.9514770507812
749.0481567382812
726.4799194335938
772.7139282226562
728.6895751953125
729.52978515625
766.2286376953125
753.7225952148438
747.1776733398438
727.2203369140625
733.59375
752.1062622070312
743.0242309570312
736.6966552734375
773.6884155273438
730.7153930664062
759.3086547851562
742.00732421875
741.9542846679688
743.254638671875
721.0094604492188
736.6570434570312
761.8615112304688
719.681640625
747.9029541015625
746.0868530273438
734.9048461914062
760.5524291992188
761.5396728515625
757.9656372070312
748.1624145507812
743.243408203125
765.6910400390625
726.8284912109375
747.0466918945312
710.4253540039062
746.8530883789062
759.364013671875
712.9461669921875
717.0839233398438
757.8599243164062
757.5895385742188
769.0527954101562
748.79443359375
736.8269653320312
763.4466552734375
765.6661987304688
750.4813842773438
731.3580932617188
736.8164672851562
755.9503784179688
749.2203979492188
766.9306640625
762.0625610351562
749.9238891601562
762.8512573242188
751.5914916992188
740.1713256835938
751.5009765625
734.6196899414062
738.4136962890625
737.7771606445312
747.9723510742188
762.4133911132812
744.2332153320312
765.2185668945312
753.9828491210938
736.6014404296875
757.5758666992188
765.6956176757812
758.5325317382812
765.8333740234375
751.3872680664062
716.9841918945312
752.6248168945312
742.3447265625
761.8779296875
764.3309936523438
727.8088989257812
752.2192993164062
747.3837280273438
756.970947265625
737.6481323242188
742.0399169921875
739.3998413085938
757.010986328125
740.4989624023438
760.06103515625
739.6792602539062
770.4037475585938
773.9689331054688
744.4351196289062
756.3533325195312
760.4843139648438
743.7348022460938
759.847412109375
737.0921020507812
733.7630004882812
746.4153442382812
743.6828002929688
751.6965942382812
739.2710571289062
754.4025268554688
765.1242065429688
747.2764892578125
748.0034790039062
736.2847290039062
738.8370971679688
756.4446411132812
726.0701904296875
745.2985229492188
736.6954956054688
753.4553833007812
744.3920288085938
752.9669799804688
720.6446533203125
750.5552368164062
720.3827514648438
736.4938354492188
745.7352905273438
741.4733276367188
738.2891845703125
723.0923461914062
767.151611328125
778.2417602539062
756.1203002929688
750.1146850585938
748.9124755859375
738.223876953125
717.9913330078125
759.5140991210938
763.3341674804688
761.7761840820312
751.8196411132812
753.1715698242188
736.9453735351562
759.7930297851562
749.3643188476562
749.2278442382812
768.52490234375
744.7843017578125
745.0431518554688
751.6336059570312
754.6981811523438
758.17431640625
770.9403686523438
756.922119140625
754.8203735351562
756.4505004882812
750.9385375976562
725.9090576171875
759.7345581054688
745.9129028320312
725.0466918945312
758.14013671875
753.0609130859375
747.709716796875
764.7131958007812
758.3118286132812
728.1580200195312
759.4332275390625
766.3819580078125
735.9218139648438
730.0361938476562
741.2785034179688
756.192138671875
755.1331176757812
739.8781127929688
742.6868286132812
739.633544921875
753.0387573242188
742.3457641601562
770.1607055664062
753.2992553710938
743.9226684570312
721.9457397460938
734.8342895507812
742.5040893554688
739.1099853515625
749.7576293945312
760.2249145507812
735.578369140625
761.2609252929688
745.315673828125
742.1649780273438
762.6868286132812
746.5174560546875
752.2536010742188
742.2506713867188
752.2734985351562
759.9153442382812
755.09716796875
746.0441284179688
767.3358764648438
757.9743041992188
768.6337890625
743.5011596679688
765.3294067382812
747.4078979492188
757.3399658203125
761.8523559570312
776.0631713867188
727.5089111328125
749.20166015625
764.6663208007812
776.4010620117188
776.0466918945312
754.7274780273438
750.5419921875
748.4052124023438
745.8168334960938
738.8543701171875
744.2808227539062
729.439697265625
739.3997802734375
757.2330322265625
731.586669921875
753.649169921875
750.435791015625
745.4353637695312
753.3005981445312
736.8192749023438
757.1931762695312
709.0245971679688
730.2026977539062
751.8827514648438
739.4515991210938
745.3981323242188
742.830810546875
747.0243530273438
745.630615234375
743.7688598632812
743.3253173828125
754.5608520507812
697.1205444335938
735.373779296875
758.6489868164062
726.5559692382812
750.94482421875
747.2123413085938
764.2198486328125
733.3965454101562
723.6220703125
760.3052368164062
740.5608520507812
721.341796875
744.283447265625
723.2645874023438
737.6021118164062
752.2883911132812
724.909912109375
753.3598022460938
724.606201171875
746.4664306640625
718.3208618164062
735.1296997070312
762.1852416992188
758.4071044921875
760.4407348632812
738.984130859375
756.8678588867188
734.334716796875
767.5267944335938
756.60009765625
761.406982421875
735.263916015625
705.8145751953125
720.3048095703125
734.2564697265625
755.1104125976562
774.2701416015625
756.242919921875
755.003173828125
741.8763427734375
746.9219360351562
736.4303588867188
750.0912475585938
750.8045654296875
747.5502319335938
748.7177734375
759.6685180664062
757.6637573242188
754.8344116210938
731.1841430664062
746.0008544921875
736.2587280273438
724.8790893554688
741.4379272460938
760.5394897460938
768.9315795898438
748.7913818359375
751.8128051757812
758.7862548828125
749.2224731445312
751.826904296875
762.2581176757812
754.2264404296875
725.6609497070312
769.0097045898438
771.4172973632812
760.9525756835938
759.0458984375
763.1080932617188
749.7717895507812
725.7713012695312
762.43212890625
755.7300415039062
761.0850830078125
762.6763916015625
747.1329345703125
738.0697631835938
733.4404296875
753.541259765625
753.7228393554688
752.0690307617188
774.9348754882812
757.5711669921875
720.4992065429688
727.806884765625
747.8363647460938
783.7543334960938
722.3855590820312
740.0902709960938
750.2459106445312
745.7697143554688
753.6632690429688
740.1502685546875
737.6588134765625
750.77783203125
733.103759765625
747.8235473632812
741.3421020507812
750.1189575195312
732.7857666015625
752.2073974609375
746.663330078125
774.2522583007812
737.7869873046875
767.2597045898438
753.1879272460938
740.4784545898438
757.9524536132812
763.1058959960938
762.1717529296875
733.8012084960938
743.9492797851562
755.3369750976562
731.6998901367188
746.3096313476562
757.8660278320312
747.1460571289062
744.131103515625
754.06982421875
732.9791870117188
736.4116821289062
740.7271118164062
736.4946899414062
765.3033447265625
735.3775024414062
748.1458129882812
747.5990600585938
720.9795532226562
750.145263671875
720.0691528320312
742.9154663085938
735.3375854492188
753.0399780273438
766.9124755859375
754.9080200195312
726.0328979492188
767.068603515625
758.9505004882812
765.8206176757812
764.83154296875
776.6906127929688
727.7589111328125
733.8064575195312
765.9539184570312
730.271484375
753.2100219726562
741.2794799804688
735.5596313476562
745.5053100585938
763.7156372070312
760.2611083984375
715.0701293945312
748.2051391601562
742.9911499023438
726.8250122070312
750.7693481445312
738.1173706054688
747.9407958984375
722.0714721679688
730.5723876953125
759.2627563476562
738.1939697265625
729.9144897460938
748.8655395507812
728.1278686523438
735.97509765625
744.7127075195312
754.2628173828125
758.3236694335938
735.6956176757812
761.3401489257812
761.5870971679688
755.3859252929688
757.7034301757812
763.640869140625
749.8888549804688
744.639892578125
760.1917114257812
761.4786987304688
740.4535522460938
750.4886474609375
735.3934326171875
735.1146850585938
721.6937866210938
770.9039916992188
756.5075073242188
745.9240112304688
757.4559936523438
737.5222778320312
728.0296630859375
709.7197265625
756.2406005859375
751.9254760742188
754.4777221679688
746.8319091796875
749.4932250976562
770.7998657226562
743.3732299804688
736.2913818359375
747.61669921875
718.3997192382812
755.0828857421875
745.5604858398438
750.9305419921875
740.7649536132812
743.4330444335938
730.4281616210938
725.0578002929688
741.803955078125
738.5916137695312
727.6424560546875
766.4607543945312
766.4868774414062
746.4976196289062
751.6984252929688
737.8186645507812
727.626708984375
742.7337646484375
725.4423828125
756.5350952148438
769.9446411132812
728.333251953125
754.0418701171875
767.9166259765625
714.5440673828125
745.0669555664062
726.0853881835938
753.6572875976562
718.4747924804688
746.6997680664062
738.4819946289062
730.0115966796875
752.2011108398438
740.10986328125
747.5813598632812
764.192626953125
749.3363037109375
730.296630859375
735.0333862304688
751.4097290039062
760.3804321289062
758.3035888671875
745.5332641601562
723.7501831054688
753.8126831054688
770.1514282226562
743.7565307617188
715.7059936523438
723.6832885742188
741.1792602539062
759.3469848632812
766.7359008789062
753.7254028320312
737.01953125
758.3515014648438
749.4370727539062
738.2117309570312
740.3235473632812
743.504150390625
745.6178588867188
725.489990234375
740.77490234375
759.4317016601562
763.6490478515625
744.9325561523438
750.2997436523438
738.0497436523438
749.0725708007812
710.4110717773438
755.6259765625
745.7213745117188
733.6390380859375
750.81201171875
731.941162109375
713.1580200195312
741.6119384765625
736.6378173828125
742.2028198242188
752.0841674804688
737.6521606445312
747.958984375
732.183349609375
748.4293212890625
750.8389892578125
705.7786254882812
749.4592895507812
763.1393432617188
768.2321166992188
747.9014282226562
756.605712890625
763.3361206054688
740.1115112304688
725.5115356445312
730.0374145507812
748.037353515625
736.0431518554688
750.9099731445312
757.2866821289062
769.1405029296875
742.3923950195312
756.8069458007812
764.2400512695312
753.0079956054688
724.4495239257812
736.8756713867188
750.8251953125
749.1672973632812
747.2084350585938
741.8818359375
727.3661499023438
731.7374267578125
754.4564208984375
745.6010131835938
740.2667846679688
752.78955078125
750.8930053710938
719.7786254882812
735.5921020507812
714.1281127929688
752.6181640625
735.305908203125
758.32373046875
733.2208862304688
768.7555541992188
746.4584350585938
758.0022583007812
754.5409545898438
746.2830200195312
766.5463256835938
771.8984985351562
737.6257934570312
754.5005493164062
739.4905395507812
740.17626953125
724.7066040039062
725.9834594726562
744.3003540039062
749.5123901367188
748.56640625
733.6796875
723.9700317382812
753.4363403320312
724.1534423828125
756.696044921875
762.91162109375
752.6339721679688
751.5687866210938
764.188720703125
744.9765014648438
761.4751586914062
760.4392700195312
743.9481811523438
750.6686401367188
756.4901123046875
750.5036010742188
739.373779296875
758.7505493164062
752.2039184570312
771.2116088867188
716.3388061523438
708.189208984375
737.01220703125
761.7040405273438
766.018798828125
741.1369018554688
753.3045043945312
752.0624389648438
733.3359375
726.0612182617188
774.4541625976562
750.677001953125
741.9879760742188
742.5765991210938
748.9190063476562
753.125
734.1669311523438
732.7896728515625
747.3280029296875
738.8463745117188
752.4010620117188
760.0360717773438
747.307373046875
743.3363647460938
736.926513671875
754.3557739257812
746.5173950195312
757.1607666015625
748.5324096679688
759.2348022460938
750.3804321289062
765.7611694335938
755.7006225585938
752.4727172851562
736.7492065429688
757.47412109375
732.5930786132812
741.8330688476562
726.1480102539062
750.3701782226562
735.261474609375
757.9511108398438
733.9816284179688
746.085693359375
745.8339233398438
742.91259765625
759.1228637695312
735.7293701171875
759.6952514648438
735.0946655273438
733.4553833007812
746.8187866210938
746.5247192382812
739.9281616210938
745.7535400390625
742.735107421875
758.2994995117188
760.7692260742188
735.1449584960938
734.3118286132812
732.87255859375
733.9424438476562
758.5121459960938
729.7650756835938
741.9789428710938
745.7933349609375
768.0990600585938
755.8635864257812
741.7850952148438
769.2872314453125
737.2531127929688
757.5248413085938
728.010009765625
762.898193359375
753.9537963867188
732.1908569335938
749.505126953125
738.9539184570312
743.3291015625
752.9576416015625
775.765380859375
737.8048706054688
747.3201904296875
748.697509765625
721.1253051757812
757.49267578125
753.811279296875
751.6285400390625
769.0263061523438
747.2958984375
760.0676879882812
768.6575317382812
712.6529541015625
761.7366333007812
727.4688110351562
746.6531982421875
756.6285400390625
749.0875854492188
746.9124755859375
735.3236694335938
751.7639770507812
759.4187622070312
728.8466186523438
739.6619262695312
741.166015625
723.8189697265625
733.9298095703125
747.1661987304688
749.7227172851562
754.4016723632812
753.9459838867188
744.1346435546875
753.525634765625
743.9703979492188
753.9216918945312
713.8511352539062
771.2322998046875
747.5708618164062
748.6596069335938
770.8475341796875
748.1707153320312
775.0375366210938
737.9956665039062
763.3612670898438
754.2962036132812
739.7042236328125
744.6914672851562
718.1548461914062
753.5888671875
746.6577758789062
731.4813842773438
722.2894897460938
752.111572265625
742.2470092773438
752.8142700195312
732.70849609375
749.305908203125
749.5557861328125
763.1895141601562
737.2095336914062
763.7498168945312
729.091796875
759.7941284179688
723.6341552734375
754.5402221679688
741.4036865234375
742.6954956054688
735.6835327148438
770.7593994140625
751.5980224609375
727.3964233398438
753.0634155273438
746.6322631835938
734.3070068359375
739.3063354492188
758.9904174804688
742.610595703125
767.4258422851562
763.5021362304688
754.67626953125
732.9606323242188
763.4946899414062
758.5254516601562
754.3244018554688
763.892333984375
756.6083374023438
747.9931030273438
768.3773803710938
761.5872192382812
732.6129150390625
739.5548095703125
758.7077026367188
755.5675659179688
748.59375
730.0569458007812
758.7282104492188
761.2685546875
750.5736694335938
754.8396606445312
757.1156616210938
740.3268432617188
737.3065795898438
743.1658935546875
742.3466796875
747.7230834960938
736.7776489257812
700.3076171875
759.6748657226562
751.8954467773438
775.41259765625
753.5473022460938
747.2679443359375
783.0140991210938
730.4859008789062
744.5314331054688
753.6874389648438
745.6983032226562
725.2249755859375
758.6846923828125
753.0014038085938
755.0132446289062
746.6181030273438
743.5458374023438
766.8191528320312
748.8673095703125
742.746337890625
748.6189575195312
745.7686767578125
712.4033813476562
759.5877685546875
755.935546875
759.7776489257812
740.9752197265625
717.3897705078125
751.3419799804688
765.3560791015625
735.6517944335938
755.8602905273438
754.5324096679688
766.8574829101562
759.2285766601562
745.3095092773438
743.6009521484375
756.51611328125
727.7723999023438
747.9673461914062
727.0149536132812
741.0103149414062
750.9921264648438
738.8556518554688
752.0780029296875
740.0181274414062
756.2406005859375
748.4866943359375
751.8231201171875
761.3521118164062
742.6852416992188
751.64501953125
742.6350708007812
758.358642578125
739.7127075195312
730.0933227539062
737.6534423828125
734.48046875
740.5286254882812
747.5592651367188
726.6450805664062
752.8195190429688
750.4042358398438
740.141845703125
758.128173828125
726.4058227539062
738.0628662109375
742.669677734375
769.945556640625
776.5523071289062
736.6694946289062
738.6041870117188
735.0319213867188
735.4608154296875
743.9182739257812
738.3504028320312
749.3901977539062
726.6976318359375
749.88232421875
742.2599487304688
747.5055541992188
746.8558959960938
724.5556030273438
743.276123046875
738.7559814453125
759.5568237304688
739.3986206054688
748.8004760742188
744.5864868164062
746.575439453125
758.3507690429688
733.07275390625
722.256103515625
744.9583740234375
749.2460327148438
755.4268188476562
750.2687377929688
758.8756103515625
751.4738159179688
777.0243530273438
763.9307861328125
741.3053588867188
751.5057983398438
745.1699829101562
773.8801879882812
749.1770629882812
744.2314453125
725.0396728515625
752.7437744140625
755.8125610351562
749.5813598632812
762.3890991210938
744.4522094726562
740.7478637695312
747.4745483398438
746.338623046875
743.5802001953125
751.5206909179688
729.3839721679688
742.8877563476562
737.829833984375
749.8756713867188
750.3585815429688
730.0462646484375
767.4752807617188
736.5842895507812
746.2022094726562
735.7040405273438
749.3567504882812
748.4251098632812
752.0731201171875
752.0731201171875
754.3128051757812
760.985595703125
778.8670043945312
744.7314453125
736.4331665039062
750.167236328125
755.6846313476562
757.8074951171875
752.094970703125
738.1146850585938
762.3826293945312
737.2554321289062
753.0828247070312
734.8034057617188
736.0132446289062
744.3585205078125
730.685791015625
766.4638061523438
757.0050659179688
754.7164306640625
741.03076171875
745.347412109375
749.1197509765625
746.3986206054688
780.5950927734375
756.2894897460938
749.0545043945312
760.2504272460938
750.4497680664062
750.103759765625
752.7975463867188
713.3643188476562
760.4591674804688
750.3395385742188
719.6486206054688
726.4363403320312
746.6668701171875
756.9442749023438
753.0675048828125
741.9528198242188
751.6737670898438
735.0296020507812
724.4237670898438
763.4301147460938
765.7763061523438
753.6333618164062
768.4319458007812
745.3286743164062
754.6123657226562
732.0682373046875
759.699951171875
742.1376342773438
751.2316284179688
729.6668090820312
741.0277709960938
764.8804321289062
762.3384399414062
744.6958618164062
734.7760620117188
737.9727783203125
766.7317504882812
746.1284790039062
737.6534423828125
739.1116333007812
735.3854370117188
742.0296630859375
751.2382202148438
759.7929077148438
743.5548095703125
752.4756469726562
742.4121704101562
755.7486572265625
751.9216918945312
775.9765014648438
763.5224609375
740.3814086914062
753.683349609375
745.3571166992188
748.5338745117188
729.0001831054688
757.8027954101562
747.6100463867188
766.50634765625
761.5136108398438
752.479736328125
768.1317749023438
726.3933715820312
747.53759765625
770.7794799804688
752.43994140625
727.2996826171875
750.3175048828125
739.1148071289062
744.9050903320312
759.7391967773438
735.7313842773438
770.8378295898438
737.0036010742188
729.3289184570312
754.7094116210938
758.325927734375
749.8043212890625
753.197021484375
747.7223510742188
738.2015991210938
732.4945068359375
754.6088256835938
741.049072265625
728.5244750976562
761.75439453125
773.9607543945312
748.9221801757812
751.6527709960938
760.2051391601562
772.4298706054688
742.866943359375
739.5851440429688
752.6725463867188
758.7898559570312
721.8352661132812
773.514404296875
753.8568115234375
753.8568115234375
754.8496704101562
759.1651000976562
757.0048828125
743.9326782226562
764.4240112304688
743.515869140625
757.2410278320312
744.0781860351562
730.0662841796875
740.0292358398438
756.6171875
744.2059936523438
757.6088256835938
742.9888305664062
748.4187622070312
732.1060180664062
730.2164916992188
729.509765625
759.3456420898438
743.1161499023438
775.16455078125
755.8410034179688
762.7960205078125
723.2554931640625
740.5256958007812
760.9608154296875
760.2689819335938
720.2529296875
759.37353515625
734.4003295898438
740.7299194335938
746.1775512695312
746.513916015625
754.2315063476562
766.3538208007812
738.6058349609375
730.7258911132812
749.2311401367188
746.486328125
745.0839233398438
735.2537841796875
751.6607055664062
742.2586059570312
775.0704956054688
753.9299926757812
760.091796875
745.2189331054688
744.001953125
757.1361694335938
757.1361694335938
722.9920654296875
751.0053100585938
756.1366577148438
739.0238647460938
745.7437133789062
742.1595458984375
732.6865844726562
728.1196899414062
749.647705078125
741.1002197265625
729.301513671875
746.8715209960938
743.26611328125
760.8019409179688
736.9732055664062
753.6321411132812
743.811767578125
745.7184448242188
734.6432495117188
750.6268310546875
739.2994995117188
739.4859008789062
757.8660278320312
743.7288818359375
748.7699584960938
734.0322265625
753.5686645507812
755.4058227539062
761.8804931640625
754.5370483398438
745.4393920898438
743.6024780273438
744.7371215820312
771.1472778320312
739.314697265625
730.0841674804688
743.8001098632812
744.0180053710938
768.5580444335938
716.6616821289062
757.1220092773438
756.7764282226562
757.5975952148438
743.2702026367188
734.7411499023438
751.2612915039062
738.8372192382812
757.8189697265625
739.1961669921875
755.3876342773438
732.0040893554688
717.9022827148438
722.4039916992188
725.3157348632812
757.3200073242188
754.1985473632812
748.5576782226562
761.3615112304688
749.85986328125
776.0977172851562
751.0648803710938
772.5147094726562
740.8929443359375
755.9505615234375
757.2498779296875
754.869140625
751.98291015625
746.8729858398438
746.6611328125
737.1167602539062
744.7498168945312
758.4691772460938
751.7589721679688
769.968505859375
768.9933471679688
737.6870727539062
746.4137573242188
762.2229614257812
764.13037109375
767.1138305664062
768.3361206054688
755.489013671875
762.5883178710938
751.1832275390625
763.8442993164062
753.4251098632812
740.5979614257812
748.0287475585938
746.01611328125
739.927978515625
761.8980102539062
744.8623046875
742.106689453125
753.3826293945312
761.59912109375
766.4252319335938
753.3258056640625
753.0477905273438
758.8037719726562
748.5505981445312
758.5880737304688
724.2467041015625
731.9677734375
756.7023315429688
758.8234252929688
746.684326171875
731.0402221679688
756.201416015625
745.7443237304688
758.6557006835938
747.511474609375
772.4264526367188
750.44287109375
774.8621826171875
755.8478393554688
745.3069458007812
781.4421997070312
742.4404296875
728.2915649414062
721.890380859375
705.6657104492188
760.7276000976562
742.0401611328125
737.9948120117188
762.9097290039062
756.3899536132812
783.022216796875
732.2000122070312
739.3807373046875
747.457763671875
745.7687377929688
746.7847290039062
749.7349243164062
748.271728515625
754.1784057617188
749.0731811523438
749.2424926757812
738.6362915039062
734.5294189453125
737.2546997070312
737.4190063476562
753.9454345703125
762.6873168945312
742.3278198242188
726.8045654296875
731.4302368164062
750.8898315429688
746.5397338867188
722.5341186523438
754.5146484375
769.08642578125
749.8295288085938
730.1493530273438
751.9479370117188
715.0438842773438
754.6784057617188
731.521484375
754.4552001953125
775.3215942382812
744.5410766601562
745.5599975585938
753.5708618164062
760.195556640625
738.2527465820312
726.6747436523438
725.4549560546875
746.6047973632812
737.2515258789062
746.2492065429688
737.2515258789062
745.6531982421875
735.7827758789062
746.6134643554688
748.1515502929688
713.362060546875
729.6072387695312
748.2400512695312
759.2325439453125
746.6611328125
749.6586303710938
746.7570190429688
739.3904418945312
756.3228759765625
774.7651977539062
746.917724609375
749.1056518554688
746.9877319335938
741.8351440429688
740.267578125
755.5714111328125
735.2330932617188
764.6489868164062
762.530517578125
733.8539428710938
752.5794067382812
755.8060302734375
748.66650390625
730.5679321289062
751.4356079101562
742.8162231445312
751.299072265625
749.4833374023438
744.875244140625
754.9154052734375
755.9744262695312
754.4627075195312
766.5346069335938
740.8645629882812
742.0546264648438
757.3338623046875
734.5266723632812
773.0914306640625
763.1972045898438
754.5869140625
741.693359375
755.5828857421875
750.6365356445312
743.8875122070312
756.1199340820312
746.1200561523438
765.0440063476562
750.1868286132812
740.6709594726562
742.9796752929688
745.60546875
734.6907348632812
732.7037963867188
732.9757690429688
727.4979858398438
743.8294677734375
735.5452270507812
759.7227172851562
749.8211059570312
746.3407592773438
762.1830444335938
733.6444702148438
760.5882568359375
765.6959838867188
765.3482666015625
730.3357543945312
758.1808471679688
738.5883178710938
742.7401733398438
738.4367065429688
738.1260375976562
746.7625122070312
747.7251586914062
773.451171875
745.6173706054688
767.8499145507812
743.56591796875
749.9042358398438
750.2380981445312
722.1987915039062
758.9222412109375
748.5833740234375
769.8416137695312
775.3261108398438
745.4266357421875
729.5899047851562
741.3908081054688
728.6067504882812
747.806884765625
755.2449340820312
757.9461059570312
768.6914672851562
758.7921752929688
732.5569458007812
752.5819702148438
752.4943237304688
752.7080078125
771.6444091796875
732.79296875
747.664306640625
760.8707885742188
748.8689575195312
748.4579467773438
751.6246337890625
749.202392578125
737.1185913085938
760.2855834960938
710.5763549804688
744.4108276367188
733.2769775390625
753.2926025390625
727.4302978515625
732.6093139648438
727.1483154296875
744.8385009765625
726.4474487304688
761.9171142578125
734.7531127929688
722.20947265625
751.9404907226562
759.65966796875
745.9304809570312
769.8546142578125
749.3289184570312
767.7894897460938
759.9065551757812
742.340087890625
746.9002075195312
723.0980224609375
772.9044799804688
753.01611328125
768.0875854492188
756.0388793945312
757.8096313476562
748.0997924804688
755.2418212890625
750.1863403320312
745.4188842773438
746.5084228515625
743.426025390625
768.2743530273438
742.6187744140625
743.9531860351562
754.8056030273438
740.3671875
743.4718627929688
719.2173461914062
744.5393676757812
740.7146606445312
729.3294067382812
718.0875854492188
749.3615112304688
765.2581176757812
769.9425048828125
723.7299194335938
751.8832397460938
770.3810424804688
761.3898315429688
765.8505859375
743.3319702148438
759.9003295898438
742.0635375976562
756.8823852539062
765.0484008789062
719.2575073242188
745.6749877929688
720.2538452148438
738.584716796875
763.6275634765625
757.8265991210938
747.33056640625
741.8583374023438
731.5123901367188
745.1343383789062
745.7689819335938
732.5753784179688
742.4839477539062
768.5397338867188
753.7001953125
751.1141967773438
742.3336181640625
748.2719116210938
750.08642578125
756.4287109375
739.6587524414062
774.8079223632812
757.8367919921875
749.9111938476562
751.7930297851562
737.3838500976562
759.1246948242188
736.7463989257812
754.8029174804688
751.3389282226562
734.1412963867188
762.246337890625
755.0057373046875
767.5353393554688
763.7797241210938
745.9361572265625
754.0752563476562
767.3276977539062
755.4874877929688
741.6439819335938
716.2540893554688
717.9052124023438
734.8319091796875
762.9374389648438
760.1104736328125
744.6143188476562
757.338623046875
761.1362915039062
735.1502075195312
717.0120239257812
731.892578125
740.789794921875
758.2286987304688
733.2531127929688
758.1450805664062
749.0025024414062
754.2953491210938
729.217529296875
744.818603515625
743.7106323242188
757.7383422851562
734.9844970703125
764.1654663085938
746.5824584960938
749.5997924804688
741.5946655273438
754.4898071289062
723.764404296875
761.1207275390625
768.8298950195312
718.70849609375
732.0670166015625
751.5689086914062
758.9178466796875
730.4866333007812
760.6552124023438
754.2221069335938
767.5970458984375
745.0899047851562
780.7097778320312
740.0735473632812
757.6268920898438
750.381103515625
753.240234375
746.9533081054688
753.4814453125
733.0847778320312
747.7252807617188
729.4381713867188
742.9656372070312
751.5774536132812
743.7567138671875
741.1507568359375
748.3353881835938
754.3302612304688
764.6237182617188
766.4912109375
745.31640625
736.8292236328125
749.9561767578125
735.4429321289062
725.1012573242188
734.8157348632812
769.1051635742188
732.0216674804688
765.3945922851562
757.4790649414062
719.0631713867188
728.8458862304688
756.8936157226562
727.5657958984375
737.1026000976562
730.4707641601562
738.2123413085938
714.1029663085938
748.8199462890625
760.6610717773438
757.2257080078125
735.54443359375
748.8973388671875
752.7457885742188
757.5289916992188
758.661376953125
721.353271484375
753.1589965820312
752.6493530273438
742.2280883789062
724.4862060546875
749.5061645507812
747.0150146484375
746.4110717773438
761.9655151367188
740.5421142578125
745.9912109375
763.1348876953125
731.9841918945312
764.9298095703125
734.8211669921875
712.6351928710938
733.3274536132812
723.4523315429688
751.0244750976562
762.3131713867188
743.9202270507812
742.8395385742188
750.8164672851562
754.5558471679688
755.745361328125
737.5802612304688
759.6569213867188
761.2332763671875
748.7688598632812
749.4197387695312
765.087646484375
744.9773559570312
759.4420776367188
757.7023315429688
737.4175415039062
726.14111328125
765.3634643554688
764.5768432617188
762.9432983398438
740.6010131835938
749.2260131835938
752.0176391601562
719.4105224609375
743.5574340820312
738.6232299804688
737.6607055664062
742.1246948242188
735.3931274414062
756.2405395507812
729.4381713867188
764.1304321289062
736.0667724609375
743.3321533203125
776.0731201171875
754.6998901367188
730.4094848632812
729.3768920898438
748.8532104492188
724.6952514648438
743.3512573242188
752.9686889648438
764.8069458007812
730.6441040039062
763.8509521484375
741.3179931640625
728.6091918945312
728.8976440429688
764.7036743164062
760.425048828125
728.9917602539062
770.894287109375
737.9240112304688
728.2847900390625
731.1431274414062
754.350830078125
729.478271484375
747.9507446289062
763.98388671875
739.2992553710938
732.1362915039062
766.7095947265625
743.9193725585938
752.4515991210938
732.6445922851562
746.9191284179688
727.8418579101562
734.5303955078125
732.01806640625
748.3660278320312
750.3475952148438
740.8816528320312
753.195556640625
736.3330078125
741.1256713867188
737.6360473632812
741.4912719726562
728.7174682617188
732.4956665039062
748.0579223632812
761.5275268554688
726.88818359375
771.3272705078125
750.8391723632812
738.2721557617188
727.7114868164062
760.4838256835938
741.0781860351562
726.3663940429688
747.6880493164062
732.3408813476562
758.8505249023438
768.5941772460938
746.6649780273438
775.6420288085938
766.1258544921875
771.144775390625
735.6583862304688
742.6575927734375
763.557373046875
758.4011840820312
754.9636840820312
737.4646606445312
739.7293090820312
746.8543090820312
742.7496337890625
759.1932373046875
751.682373046875
764.5182495117188
742.1971435546875
749.5314331054688
733.215576171875
751.2847290039062
759.5165405273438
760.0349731445312
752.3209838867188
770.1406860351562
716.1937866210938
743.8056030273438
732.1719360351562
749.4365844726562
751.64208984375
707.989501953125
750.5053100585938
761.8427124023438
744.392578125
731.2803955078125
725.239013671875
726.3949584960938
742.8566284179688
753.9248657226562
745.5869750976562
746.3727416992188
762.8069458007812
751.8370971679688
754.00927734375
728.07763671875
753.1293334960938
755.8451538085938
762.6205444335938
741.026611328125
737.1029663085938
749.6139526367188
755.2039184570312
753.38525390625
744.2012329101562
751.4888916015625
764.1082763671875
753.3528442382812
760.5712280273438
759.468017578125
756.3059692382812
734.7479858398438
759.493896484375
771.7996215820312
750.1348876953125
731.7353515625
740.0905151367188
725.49365234375
733.7832641601562
748.9926147460938
747.1114501953125
752.0684814453125
768.180419921875
753.91162109375
752.5211181640625
748.5969848632812
721.80517578125
744.4523315429688
738.4087524414062
754.1437377929688
736.23779296875
746.3289184570312
738.1470336914062
761.2411499023438
742.050048828125
724.1965942382812
756.1861572265625
727.8871459960938
741.38037109375
737.0906372070312
746.0331420898438
750.5966186523438
742.8486328125
753.467041015625
756.88330078125
762.7086791992188
760.2398681640625
749.7705688476562
765.96142578125
759.882080078125
765.1828002929688
765.1849975585938
746.570556640625
723.1682739257812
731.5409545898438
751.7814331054688
757.3644409179688
735.865966796875
767.2982177734375
762.1884155273438
758.0280151367188
757.0731811523438
753.0186157226562
751.653564453125
763.4623413085938
741.205078125
754.876953125
770.3690795898438
756.5115356445312
734.19091796875
747.6416625976562
723.2025146484375
745.951904296875
754.4456787109375
732.9031982421875
761.6563110351562
749.3280639648438
766.3088989257812
752.1321411132812
732.5286254882812
759.460693359375
733.3477783203125
742.4567260742188
732.78369140625
753.63720703125
733.5127563476562
737.3561401367188
756.6918334960938
748.8327026367188
733.4644165039062
738.8295288085938
741.0293579101562
726.8593139648438
761.3190307617188
718.5540771484375
752.6669921875
753.7930908203125
740.2102661132812
743.5010375976562
762.0054321289062
744.9407348632812
761.81005859375
753.8408203125
735.6455688476562
724.9420166015625
760.801513671875
764.7764892578125
762.6868896484375
758.2192993164062
764.1385498046875
763.6920166015625
754.7471923828125
738.5726928710938
740.5050659179688
758.0503540039062
733.290283203125
749.600341796875
730.8352661132812
722.5771484375
759.9013061523438
751.3021850585938
761.6517944335938
734.478271484375
758.4226684570312
742.9298706054688
739.0545043945312
747.5969848632812
741.5707397460938
776.7821655273438
776.7821655273438
768.4887084960938
741.018798828125
763.194091796875
754.8142700195312
732.1088256835938
753.6817016601562
725.802490234375
745.7600708007812
769.6552124023438
740.2251586914062
768.1836547851562
744.5094604492188
756.2766723632812
751.2775268554688
764.26025390625
738.4663696289062
755.4828491210938
741.9697875976562
759.4459838867188
751.6766967773438
736.5698852539062
760.4859008789062
749.7379150390625
751.8719482421875
770.6190795898438
769.9529418945312
760.3290405273438
744.2588500976562
746.6038208007812
747.2377319335938
723.20361328125
757.5695190429688
736.7369995117188
765.2006225585938
740.4683227539062
760.2379150390625
741.1532592773438
785.0975952148438
734.7741088867188
737.107666015625
736.9039916992188
739.0125122070312
775.8938598632812
743.5775756835938
758.9505004882812
733.3974609375
744.7120971679688
733.2781372070312
755.4927978515625
716.6205444335938
749.541015625
758.06787109375
748.1217651367188
734.6754760742188
737.8310546875
750.51513671875
764.5628662109375
716.4043579101562
771.4960327148438
727.434326171875
737.4938354492188
751.9126586914062
753.9132690429688
727.5123901367188
740.5133666992188
713.7238159179688
732.728515625
751.682373046875
757.973876953125
746.2534790039062
756.61083984375
769.0838012695312
745.4097900390625
732.7069091796875
786.0819702148438
749.4441528320312
741.5923461914062
756.1148071289062
764.4599609375
751.4909057617188
758.8536376953125
738.3040771484375
747.2312622070312
759.3287963867188
733.8859252929688
761.1992797851562
752.4082641601562
772.2177124023438
768.5875854492188
753.8795776367188
734.5607299804688
748.4916381835938
748.5807495117188
749.207275390625
770.3284912109375
733.6478881835938
763.4984130859375
771.1766357421875
743.814697265625
754.5755004882812
757.8298950195312
741.83984375
718.0458374023438
755.64404296875
756.1204833984375
753.7094116210938
759.4252319335938
763.5197143554688
760.1657104492188
759.8424682617188
756.2172241210938
739.4844970703125
769.7844848632812
736.5186157226562
744.9154663085938
750.263916015625
764.7438354492188
746.0140991210938
754.1317138671875
760.4908447265625
761.1991577148438
727.8629760742188
766.7704467773438
743.6385498046875
756.6876220703125
742.7965698242188
760.6749877929688
761.3514404296875
731.50244140625
760.8639526367188
740.2899780273438
749.7168579101562
756.0806884765625
753.3252563476562
763.2030029296875
744.4716186523438
748.0768432617188
770.7520141601562
746.8043823242188
730.9436645507812
758.7279052734375
744.7269287109375
748.4122924804688
749.0206909179688
756.8141479492188
763.8455810546875
758.0913696289062
735.9466552734375
741.9259643554688
719.5833129882812
755.0377197265625
751.19482421875
745.3894653320312
736.6866455078125
749.7481079101562
752.301513671875
745.0549926757812
746.3280029296875
750.0173950195312
725.5643310546875
752.1863403320312
754.9148559570312
754.6408081054688
739.3408203125
750.9307250976562
743.5845336914062
769.7095336914062
783.240234375
759.7346801757812
741.5422973632812
753.2269897460938
774.2781982421875
747.0992431640625
754.7559814453125
720.6629028320312
728.762939453125
757.676025390625
755.2659912109375
728.89404296875
751.3320922851562
763.6834716796875
718.837646484375
749.1810302734375
734.423095703125
740.8080444335938
762.83544921875
748.2053833007812
747.5918579101562
750.6615600585938
734.6679077148438
741.2682495117188
750.7581787109375
728.33642578125
726.0066528320312
767.88525390625
753.4165649414062
760.2645874023438
752.7787475585938
732.5516967773438
755.6837768554688
754.2278442382812
744.0216674804688
728.43994140625
723.5486450195312
754.2713012695312
764.6338500976562
747.8666381835938
742.2529907226562
779.9676513671875
751.1390991210938
755.0150146484375
760.2041625976562
754.8280639648438
760.1618041992188
759.5859985351562
757.2838134765625
757.3298950195312
769.8451538085938
740.1575927734375
743.4239501953125
756.9014282226562
747.544189453125
730.7879638671875
758.5149536132812
741.6969604492188
747.6008911132812
732.8386840820312
751.7688598632812
751.5535278320312
752.6863403320312
747.7979736328125
751.6124267578125
716.7350463867188
746.8876342773438
738.9644775390625
750.2904663085938
744.3479614257812
751.3244018554688
763.6653442382812
745.5586547851562
745.4817504882812
766.0314331054688
706.1340942382812
744.6974487304688
768.5919799804688
753.6106567382812
773.3704223632812
763.3792114257812
772.5592651367188
763.8213500976562
750.6687622070312
780.3090209960938
773.6028442382812
751.5394897460938
743.5908813476562
757.3541870117188
724.5401000976562
762.8073120117188
757.8291015625
750.0043334960938
763.7207641601562
742.6063842773438
760.8734741210938
769.14697265625
753.1483764648438
756.4252319335938
758.004638671875
742.0913696289062
735.8213500976562
755.1576538085938
756.4821166992188
742.2147827148438
733.5055541992188
753.6463012695312
777.5410766601562
729.0742797851562
771.2540283203125
723.8407592773438
742.3578491210938
757.4147338867188
748.3117065429688
752.7194213867188
753.0364379882812
730.6480102539062
759.0343017578125
720.5427856445312
751.3836059570312
759.328125
766.7274780273438
747.789306640625
764.8351440429688
748.7408447265625
750.7883911132812
738.8953247070312
754.32958984375
758.3779907226562
750.149169921875
742.0720825195312
752.2546997070312
726.3229370117188
767.1650390625
744.3023071289062
748.6912231445312
752.6970825195312
748.7582397460938
731.3395385742188
741.9259643554688
773.4650268554688
742.7896118164062
756.6027221679688
734.4125366210938
747.0567016601562
731.1954956054688
728.6326293945312
758.1908569335938
731.8369140625
754.3950805664062
760.5360717773438
741.4722290039062
747.9480590820312
754.0848999023438
745.7806396484375
754.6165161132812
749.6155395507812
744.7423095703125
741.3494873046875
744.0596313476562
750.0975341796875
763.017822265625
724.7431030273438
755.114501953125
724.04052734375
745.260498046875
761.3640747070312
725.7944946289062
769.1736450195312
724.4262084960938
762.3987426757812
762.46484375
750.9767456054688
759.7471923828125
744.8414306640625
746.0108032226562
756.3526611328125
742.0086669921875
741.9663696289062
732.7247924804688
740.9808959960938
751.7156372070312
746.2361450195312
729.1602172851562
749.3875122070312
754.5501708984375
734.5008544921875
742.6285400390625
751.26708984375
732.3330688476562
745.7981567382812
747.5654296875
754.2628784179688
732.6648559570312
748.1690063476562
746.7295532226562
744.6668701171875
742.6082153320312
748.0038452148438
734.0999145507812
726.4417724609375
750.0811157226562
769.1439208984375
749.13134765625
770.2011108398438
730.6022338867188
765.8582763671875
718.7072143554688
757.3002319335938
759.805908203125
755.5925903320312
744.2819213867188
736.5838623046875
736.8917846679688
754.3485717773438
756.3130493164062
751.0930786132812
766.53125
741.1384887695312
746.1782836914062
758.22119140625
738.077392578125
748.7448120117188
750.8536987304688
749.9590454101562
754.8184204101562
777.7166137695312
737.50537109375
743.126220703125
741.0252075195312
740.79296875
738.0962524414062
738.4505004882812
735.123291015625
744.5606689453125
743.7865600585938
767.0867309570312
735.5575561523438
751.51123046875
756.3032836914062
723.9209594726562
749.9208374023438
749.7844848632812
741.5968017578125
732.5335083007812
746.1284790039062
765.5286254882812
765.9307861328125
749.3831787109375
746.9564819335938
764.8880004882812
765.7260131835938
755.2180786132812
742.839599609375
745.4928588867188
750.4522094726562
755.8832397460938
740.6417846679688
770.6994018554688
727.7603149414062
745.6477661132812
757.9171752929688
748.804443359375
763.1950073242188
722.5552368164062
756.4031982421875
730.39599609375
750.6923217773438
757.827880859375
758.8134765625
727.374267578125
762.1987915039062
736.8489379882812
766.6062622070312
745.0177001953125
750.4547729492188
748.7854614257812
757.635498046875
766.9180297851562
745.679931640625
749.0499877929688
755.0892944335938
770.6190795898438
748.5161743164062
728.9301147460938
774.9343872070312
721.1378173828125
737.1194458007812
751.2686767578125
757.0237426757812
766.4821166992188
758.938720703125
762.5850219726562
753.8517456054688
740.6520385742188
764.7655639648438
720.4041137695312
712.0631103515625
744.3900756835938
767.8518676757812
743.2777709960938
754.207763671875
741.7423706054688
739.0537109375
756.0779418945312
726.6519775390625
745.6148681640625
748.5802612304688
742.4292602539062
724.9574584960938
717.6098022460938
752.9751586914062
763.0565795898438
758.26513671875
750.9815063476562
747.4013061523438
764.5039672851562
771.2366943359375
771.0535888671875
733.563232421875
749.6315307617188
722.7778930664062
755.420654296875
751.6463012695312
754.3150024414062
731.17822265625
756.6051025390625
743.7676391601562
745.3232421875
742.43359375
744.6444091796875
749.7445678710938
741.0390625
744.3876342773438
736.2028198242188
763.0094604492188
742.4348754882812
767.9180297851562
748.2600708007812
712.1444702148438
711.6201782226562
761.1425170898438
740.1232299804688
748.1405029296875
730.95263671875
757.1825561523438
751.2158813476562
746.664794921875
767.8323974609375
765.962646484375
735.8847045898438
740.4908447265625
732.545654296875
750.6243286132812
759.8657836914062
763.805419921875
759.0995483398438
743.4869384765625
759.394287109375
748.5753784179688
742.1691284179688
761.9168701171875
750.658447265625
762.3569946289062
737.5474853515625
745.200927734375
760.7708129882812
740.39892578125
742.7753295898438
731.3649291992188
735.11328125
778.6707153320312
713.0640258789062
764.9274291992188
759.6709594726562
764.076904296875
757.188232421875
758.7615356445312
762.17041015625
758.0670776367188
755.5437622070312
730.0470581054688
755.1937255859375
737.2630004882812
747.3063354492188
737.6978759765625
741.189697265625
784.3549194335938
738.2510375976562
719.8251342773438
748.8713989257812
744.412841796875
766.6573486328125
738.5211791992188
751.8241577148438
742.8486938476562
738.510498046875
757.9584350585938
750.628662109375
732.6578979492188
775.1588745117188
718.2820434570312
766.089599609375
746.5707397460938
771.0421752929688
755.09912109375
742.6788940429688
725.7555541992188
757.251953125
745.5365600585938
742.6962280273438
738.0431518554688
740.8162841796875
765.2963256835938
732.8460693359375
756.9083251953125
740.1520385742188
762.4022827148438
732.6939086914062
728.3856201171875
739.7871704101562
757.2968139648438
749.5447387695312
784.3549194335938
753.286865234375
735.3399047851562
747.2684936523438
721.4722290039062
745.1101684570312
767.7086791992188
751.9492797851562
722.8541870117188
735.5388793945312
749.6200561523438
758.9520263671875
755.5582275390625
753.0116577148438
747.4860229492188
750.6624145507812
756.1565551757812
741.8306274414062
746.4743041992188
749.7738647460938
741.8667602539062
727.7874145507812
755.1339111328125
761.1946411132812
763.148681640625
749.3427124023438
762.2264404296875
759.3001708984375
745.4296875
721.6914672851562
748.2589721679688
749.3134155273438
756.9840698242188
755.1235961914062
770.3123168945312
749.6613159179688
717.5410766601562
757.7277221679688
748.9412841796875
757.7191772460938
756.8514404296875
758.2147827148438
754.1498413085938
733.0106811523438
745.1057739257812
726.7886352539062
742.4320678710938
733.0518798828125
759.1016235351562
770.4490356445312
763.3452758789062
743.8102416992188
730.0648803710938
722.9833374023438
731.2355346679688
749.0850219726562
730.2105712890625
707.6807250976562
731.7048950195312
745.9796752929688
743.2041015625
763.4278564453125
759.3775634765625
758.3388061523438
735.3078002929688
768.8538208007812
769.2311401367188
773.7272338867188
755.621337890625
744.784423828125
734.9989013671875
753.2512817382812
734.5574951171875
758.3035278320312
753.830078125
748.0836181640625
749.3052368164062
752.4484252929688
742.7234497070312
767.0606079101562
738.46728515625
752.3828735351562
736.7193603515625
759.1769409179688
757.5386352539062
774.0790405273438
767.8341674804688
760.5783081054688
760.5890502929688
739.7991333007812
762.0293579101562
753.258544921875
765.0643310546875
773.3534545898438
757.6251831054688
758.9618530273438
765.8467407226562
742.5380249023438
738.2453002929688
732.3604125976562
737.9570922851562
748.1874389648438
748.6282958984375
735.4275512695312
736.4967651367188
765.0853881835938
759.7948608398438
789.0703735351562
756.791259765625
782.9736328125
746.0524291992188
750.2650756835938
762.572998046875
757.262451171875
752.7560424804688
747.1199951171875
749.8394165039062
744.878662109375
748.432861328125
768.9276123046875
744.58935546875
754.9690551757812
756.1371459960938
749.9320068359375
764.7311401367188
748.2476196289062
728.6610107421875
766.2634887695312
737.8953857421875
768.4631958007812
745.8499755859375
756.3831176757812
765.7952270507812
744.7781982421875
762.142333984375
765.8723754882812
744.6558837890625
734.6608276367188
753.0629272460938
764.09423828125
750.6469116210938
743.9508666992188
772.6639404296875
768.2901000976562
756.0408325195312
757.5933227539062
724.7926635742188
725.0554809570312
742.0718383789062
748.4551391601562
752.5645751953125
730.5314331054688
746.9169311523438
749.2945556640625
747.0330200195312
773.6978149414062
726.2920532226562
741.9332275390625
734.1911010742188
746.0050659179688
735.6924438476562
747.9348754882812
757.0154418945312
742.0450439453125
753.0702514648438
755.5352172851562
748.7174682617188
732.4053344726562
744.5133666992188
764.2835693359375
760.8408813476562
769.9207153320312
750.6192016601562
781.9719848632812
765.6072387695312
740.3603515625
738.7294311523438
755.2894897460938
744.2340698242188
745.6277465820312
762.6615600585938
751.822998046875
732.1613159179688
755.8457641601562
697.8630981445312
775.7330932617188
745.3063354492188
747.5359497070312
760.8084106445312
759.9891967773438
749.8180541992188
761.8368530273438
731.3688354492188
734.8440551757812
750.3950805664062
750.8453369140625
735.2577514648438
742.4562377929688
747.33837890625
738.4536743164062
731.4020385742188
749.9686889648438
742.8790893554688
752.4844970703125
737.143310546875
764.3442993164062
771.8659057617188
741.8468627929688
737.1149291992188
733.6188354492188
742.2652587890625
741.0535278320312
738.5962524414062
722.1610717773438
740.2326049804688
764.3671264648438
740.8035888671875
752.1318969726562
763.0225219726562
727.466552734375
755.0736694335938
774.3771362304688
752.3054809570312
753.1552124023438
728.6802368164062
744.5580444335938
734.6390380859375
758.984619140625
731.923583984375
756.5538330078125
713.2377319335938
746.3645629882812
747.4090576171875
736.9485473632812
750.7109985351562
768.0277709960938
745.4833374023438
745.8668823242188
747.7003784179688
708.906005859375
760.8734741210938
737.6394653320312
764.281982421875
725.1210327148438
737.5912475585938
756.0153198242188
748.6043701171875
742.0142211914062
753.85107421875
725.7764282226562
764.028076171875
736.9847412109375
765.4365844726562
720.6118774414062
731.1620483398438
753.824951171875
751.4827880859375
745.2250366210938
767.030029296875
739.9956665039062
743.3047485351562
735.3717651367188
758.5960693359375
760.7199096679688
766.2202758789062
743.0184326171875
758.7048950195312
749.3001708984375
774.1483764648438
774.1483764648438
766.7113037109375
730.2605590820312
758.22216796875
754.5731811523438
768.1934814453125
743.3757934570312
763.0919799804688
731.1801147460938
719.8026123046875
765.5936279296875
741.0033569335938
727.3441772460938
759.7205200195312
763.196533203125
739.5313720703125
739.4427490234375
743.5575561523438
752.46923828125
748.56640625
760.2362670898438
729.9655151367188
741.5355224609375
745.3079223632812
732.451171875
748.046630859375
761.5363159179688
762.5115356445312
758.4087524414062
724.4010620117188
751.222900390625
732.7938232421875
748.496826171875
724.9649658203125
752.5872192382812
751.1705932617188
759.2041625976562
758.6871337890625
750.3441772460938
748.5889892578125
750.1863403320312
753.587158203125
762.095458984375
766.4895629882812
724.1326293945312
773.080810546875
758.3861694335938
776.5932006835938
767.6381225585938
755.7227172851562
725.6296997070312
750.92431640625
750.1233520507812
738.3927001953125
728.0635986328125
721.6109619140625
752.1040649414062
746.3208618164062
744.801025390625
752.3740844726562
736.9651489257812
742.4545288085938
761.814453125
746.1621704101562
734.4661865234375
730.8306274414062
743.6572875976562
745.82421875
747.948974609375
751.9443969726562
749.6853637695312
732.0462036132812
753.2489624023438
746.3680419921875
755.7131958007812
751.6083984375
735.9071655273438
705.7207641601562
749.990966796875
750.5230102539062
741.3739013671875
736.619140625
734.3042602539062
733.1395874023438
717.5564575195312
752.8809814453125
757.0780639648438
754.673095703125
756.0932006835938
740.2018432617188
736.2018432617188
751.3070678710938
741.6034545898438
752.8995361328125
764.7916259765625
736.09130859375
746.4725952148438
740.386962890625
747.4258422851562
754.8246459960938
738.921875
747.7465209960938
770.0325317382812
743.5354614257812
736.6484985351562
758.3079833984375
743.4755249023438
745.920654296875
745.6734008789062
755.5783081054688
755.3466186523438
755.5011596679688
765.4722290039062
750.453857421875
785.2728881835938
731.3431396484375
744.0802001953125
735.3091430664062
742.845947265625
724.9633178710938
753.0303344726562
725.8922729492188
744.0895385742188
734.987548828125
748.8850708007812
768.1046142578125
757.551025390625
742.4688720703125
731.0047607421875
751.5103759765625
737.0877685546875
772.71875
750.3343505859375
738.8296508789062
772.0203247070312
727.1017456054688
745.2733764648438
757.2196655273438
746.8234252929688