5155.46923828125
6891.04736328125
3726.566162109375
3758.3896484375
3358.976318359375
2211.41259765625
3741.683349609375
1780.9490966796875
2790.64306640625
1750.287109375
4108.1611328125
4704.35107421875
6047.1884765625
2753.864990234375
2355.640625
3107.554443359375
2675.70947265625
3274.254150390625
2473.19873046875
2677.227294921875
1472.26123046875
3154.0341796875
3180.85693359375
3436.150634765625
1699.48486328125
2812.79833984375
1470.9583740234375
3206.070556640625
2830.723388671875
1004.7179565429688
1612.1329345703125
2931.857421875
5761.66455078125
1991.5911865234375
2133.306640625
4419.45654296875
4083.68115234375
6547.0498046875
3318.255859375
3870.95068359375
2962.214111328125
3059.3828125
7421.94677734375
3525.455078125
1180.423828125
4843.7783203125
2636.910400390625
5428.1552734375
2427.883056640625
4266.41845703125
4471.93505859375
1805.35205078125
6252.40771484375
2421.17041015625
1625.263427734375
2553.1123046875
2506.1171875
4176.0615234375
4124.40576171875
5079.98095703125
5955.24755859375
5183.2216796875
731.7383422851562
3938.15478515625
3598.196533203125
3794.146484375
5086.49560546875
3548.464599609375
2213.22119140625
694.3689575195312
6172.92138671875
1746.6387939453125
3363.221923828125
4425.43505859375
2890.473876953125
5299.3603515625
2800.596923828125
4024.5771484375
1983.1292724609375
3432.292236328125
4189.30810546875
3501.43994140625
2870.91943359375
952.1841430664062
3141.19873046875
5163.376953125
6670.8701171875
5098.3759765625
2659.9228515625
2558.37353515625
1642.396484375
4216.611328125
4151.2861328125
2768.354248046875
4167.5703125
4378.4453125
2484.45068359375
1332.1109619140625
6659.82958984375
3672.107421875
824.1907958984375
3173.44775390625
2312.155029296875
5818.5380859375
3905.712890625
4214.97119140625
3304.714599609375
2493.000732421875
1844.3369140625
4828.25390625
5531.93505859375
2910.84765625
2671.632080078125
2499.084228515625
4785.85107421875
2594.79541015625
3078.306640625
4114.82080078125
4362.48828125
3654.13916015625
4760.55419921875
2937.454345703125
3209.142822265625
2419.066162109375
2775.890380859375
4857.359375
3226.74755859375
2490.843505859375
2265.449462890625
1292.042236328125
2436.631591796875
3660.339599609375
3453.08203125
4549.34716796875
2447.277587890625
4445.240234375
3870.0693359375
1914.0076904296875
4271.3564453125
2985.074462890625
4386.2236328125
2463.73974609375
4885.34228515625
1768.671142578125
2183.53271484375
3550.6162109375
1738.3712158203125
4484.4384765625
2707.04443359375
4699.11279296875
3647.69775390625
5035.646484375
3987.734375
5346.697265625
3987.171875
4470.7158203125
2477.0771484375
3655.546142578125
4513.89453125
3475.361328125
3941.77880859375
2330.922607421875
4805.5810546875
4411.71533203125
1503.4996337890625
1752.791259765625
4966.04052734375
3770.29052734375
6226.65380859375
1079.5804443359375
2790.34228515625
3780.04345703125
2344.103271484375
1723.262451171875
5681.4697265625
2630.285888671875
3014.627197265625
2395.044189453125
3608.916259765625
3854.169189453125
3536.4287109375
4473.27392578125
3041.911376953125
2143.275390625
6684.73828125
6790.99609375
675.244873046875
2578.970947265625
2456.597412109375
2444.173095703125
2897.322265625
2917.14404296875
5319.00537109375
3015.52734375
1602.370849609375
3003.876220703125
3931.746826171875
3097.720703125
4648.19140625
5907.6884765625
4189.74951171875
2161.291259765625
4387.89013671875
2909.293212890625
5080.1962890625
2633.32763671875
5487.22216796875
1937.3983154296875
1548.5809326171875
5650.83544921875
4658.99462890625
2050.42431640625
2698.792236328125
4851.40478515625
6328.02197265625
3407.056640625
652.5106811523438
3312.239013671875
1527.0029296875
3300.008056640625
877.6013793945312
896.7101440429688
1799.780029296875
3656.52490234375
3033.093017578125
4271.55078125
656.6746215820312
2840.20556640625
5309.892578125
2903.442138671875
2672.55126953125
2346.1640625
5082.5986328125
7003.20166015625
3249.337890625
4728.76220703125
3781.153564453125
1254.26611328125
1662.6688232421875
4421.828125
4957.78271484375
3798.614013671875
1018.5890502929688
4866.49755859375
1341.7359619140625
3549.814208984375
1636.99072265625
6767.53271484375
4968.822265625
1809.4676513671875
2999.430419921875
3021.772705078125
3239.8828125
2312.83984375
1289.52294921875
3411.807861328125
1632.232666015625
4164.06689453125
5243.26025390625
1352.8690185546875
2565.2958984375
5232.123046875
2434.05712890625
3458.33837890625
3268.927978515625
4359.55322265625
4621.1552734375
4257.6904296875
2573.123046875
2966.704345703125
5229.10595703125
4138.8603515625
2684.744384765625
4926.85302734375
2738.482421875
2611.699951171875
2688.22900390625
4191.6767578125
1740.0009765625
2464.744873046875
2940.95751953125
4001.228271484375
4152.2275390625
4128.0458984375
3477.661376953125
1205.117431640625
3698.29150390625
5601.74658203125
2138.994140625
3150.16552734375
2743.68603515625
1119.21533203125
2677.536376953125
2415.95703125
7337.4609375
3489.34326171875
7304.97900390625
4620.96240234375
2605.98486328125
4734.986328125
4364.16162109375
4117.09423828125
5573.45556640625
1862.5411376953125
2696.990234375
6376.6572265625
3838.25927734375
613.0093383789062
2092.403564453125
3763.0244140625
5765.80322265625
693.7164306640625
2489.867431640625
2559.084228515625
1587.298583984375
7190.142578125
2351.40478515625
2998.59228515625
1347.6583251953125
4940.3759765625
2452.47314453125
3554.263916015625
4300.37060546875
5008.80419921875
5052.3662109375
2578.408203125
2936.185791015625
3615.53173828125
5549.57421875
3293.886474609375
4489.73095703125
3063.648193359375
3745.857421875
2364.934326171875
1538.2037353515625
6934.2236328125
3047.267578125
4739.775390625
2651.088134765625
3891.260009765625
1693.2420654296875
2919.508544921875
5371.75732421875
4076.86376953125
5094.4111328125
5518.66748046875
5374.90283203125
638.89453125
857.7614135742188
1702.4825439453125
3122.8623046875
3461.805419921875
4926.55322265625
2851.094970703125
3356.73291015625
1407.3699951171875
2768.3505859375
4708.73876953125
3875.8505859375
5069.02001953125
3121.2548828125
1220.218505859375
3322.83251953125
5287.091796875
3985.79541015625
2265.338623046875
2782.51416015625
5674.61376953125
2664.918212890625
1151.031005859375
4209.42333984375
2576.726806640625
4055.4541015625
3950.649169921875
1485.4896240234375
3106.674560546875
2832.020751953125
5702.15576171875
4097.13916015625
6473.06396484375
6540.0927734375
4047.91552734375
3759.177001953125
3214.059814453125
2582.66796875
6311.8896484375
4363.974609375
3851.574462890625
2500.138916015625
4191.9326171875
2027.3338623046875
3006.124755859375
7096.8798828125
4657.40771484375
2700.6708984375
4126.65234375
3194.755615234375
3017.74267578125
6261.43505859375
3647.950927734375
3299.9931640625
2215.704345703125
2443.827392578125
1024.6763916015625
809.3178100585938
2466.58447265625
4893.86083984375
4041.08251953125
1940.422119140625
4741.94482421875
3470.884033203125
3524.74755859375
4272.466796875
6072.82763671875
3755.55859375
2653.090576171875
3963.4072265625
998.4319458007812
4447.390625
5991.4677734375
1893.0560302734375
2710.736328125
1946.6324462890625
4770.166015625
3799.42724609375
4536.7119140625
5068.263671875
4339.37109375
1672.637451171875
3278.96435546875
2664.1875
3827.3779296875
796.3683471679688
3629.460205078125
2141.893310546875
1992.1688232421875
3751.014892578125
6263.98486328125
3267.6162109375
1228.0028076171875
2061.83984375
3394.5341796875
2772.69873046875
3161.459228515625
6317.19189453125
1475.0679931640625
6186.2646484375
5220.6552734375
3008.7197265625
601.2366333007812
6302.13623046875
2712.3515625
2293.343994140625
2465.5087890625
2653.64697265625
4458.3994140625
2345.55859375
4244.29931640625
3090.716796875
2377.02294921875
3108.172119140625
3136.12890625
3878.802734375
4187.7822265625
4562.43310546875
7137.15771484375
2347.93017578125
2775.700927734375
6916.26611328125
861.9840087890625
4001.6640625
2266.515625
3306.401123046875
3712.041259765625
2216.940673828125
1803.51171875
4135.1494140625
5349.58544921875
3418.09326171875
1386.8831787109375
1604.0015869140625
2227.51953125
4365.666015625
1087.77587890625
6382.57666015625
2007.4056396484375
2138.380615234375
3084.87890625
4526.74365234375
3574.60498046875
3873.97509765625
3234.7265625
2945.51513671875
2767.761962890625
4455.45751953125
2641.123291015625
3548.5947265625
3396.318115234375
2214.643798828125
3400.5673828125
3253.42822265625
4314.439453125
2206.320556640625
2425.50830078125
3206.1142578125
1500.1751708984375
2643.115966796875
3927.156494140625
2232.09130859375
5143.8720703125
1925.890625
3659.4130859375
578.2014770507812
2527.265625
2201.1357421875
3767.038330078125
1303.1732177734375
5681.63525390625
3719.65966796875
4270.03271484375
4505.24658203125
3873.43701171875
4519.88037109375
2936.204833984375
3353.083251953125
653.7553100585938
638.7659301757812
3255.213623046875
3748.057861328125
3627.37451171875
913.326171875
6258.11474609375
5786.0234375
3585.62744140625
2044.9124755859375
5116.32177734375
2540.761474609375
1464.9058837890625
2499.70703125
3631.076171875
3177.68701171875
4220.67822265625
2318.76171875
2471.90869140625
1645.7279052734375
2410.03759765625
3181.91015625
2879.671630859375
3215.55078125
2266.9736328125
3211.433349609375
3108.679443359375
3911.456298828125
3651.275390625
1668.8040771484375
1363.9022216796875
5138.53125
4716.93994140625
2665.88818359375
2275.063232421875
2152.717041015625
2484.203369140625
2131.455078125
3693.16455078125
3251.777587890625
940.5332641601562
4827.900390625
4613.56591796875
4072.869873046875
5027.82861328125
2850.97265625
3721.757080078125
1712.3114013671875
4945.52197265625
3269.467529296875
3284.586181640625
3770.10791015625
1710.7164306640625
3601.757080078125
5477.54052734375
4209.1962890625
2146.196533203125
3696.25341796875
1859.1820068359375
663.1296997070312
2506.015625
3785.110595703125
3212.509033203125
2593.86181640625
4624.193359375
3669.671630859375
2241.25537109375
1817.422607421875
1823.09765625
4203.20556640625
3555.90478515625
391.1469421386719
5365.0302734375
3590.99169921875
1149.0738525390625
2628.5693359375
5752.5927734375
2712.818603515625
3282.0390625
5365.712890625
1374.482177734375
1932.00830078125
3144.903076171875
1781.9281005859375
1689.366455078125
1661.5433349609375
3673.4453125
5574.6708984375
4708.73095703125
2810.27880859375
4246.31591796875
1978.7467041015625
5262.90234375
968.0567626953125
2235.534423828125
3844.931640625
3095.288818359375
4378.4453125
2368.566650390625
1787.88623046875
5274.05078125
4047.302734375
1418.1534423828125
1259.9857177734375
4518.73974609375
3474.44580078125
3336.229736328125
3021.473388671875
1842.18603515625
6549.50927734375
2953.34375
2761.934326171875
5920.63232421875
6258.35302734375
5092.94091796875
1098.53759765625
1193.0430908203125
2229.905029296875
3064.49609375
5483.75830078125
6595.4375
4031.7451171875
4922.3896484375
2233.65771484375
3163.0361328125
4500.55517578125
6861.8525390625
2502.65869140625
4297.0517578125
6995.12646484375
4203.20556640625
4669.943359375
3290.602783203125
2411.155517578125
4186.26708984375
4496.7578125
3552.2880859375
2408.241455078125
1449.8260498046875
4276.02001953125
3222.000244140625
7302.5341796875
1717.116455078125
2063.359619140625
971.7601928710938
5275.58447265625
4097.7705078125
3230.738037109375
3208.737060546875
827.92333984375
2907.352294921875
6145.50634765625
5532.91845703125
6065.9814453125
2712.697265625
908.6809692382812
3554.7041015625
3043.888671875
2828.2890625
4429.76416015625
6445.7099609375
4194.44140625
3388.2099609375
3413.040283203125
2464.483642578125
2045.3447265625
2965.328857421875
3832.801025390625
1109.836181640625
2499.390625
6906.1748046875
5529.43408203125
4296.15673828125
3278.02978515625
3997.30810546875
6423.02294921875
4250.66455078125
1002.4180908203125
2027.527099609375
2173.90478515625
2203.067626953125
2866.1025390625
2667.15234375
2129.314697265625
6557.45458984375
5840.45263671875
1206.88916015625
860.5103759765625
2762.776123046875
1796.1546630859375
3944.87109375
3601.638671875
2475.5244140625
2060.82080078125
2780.6552734375
3573.293212890625
3270.608642578125
1425.8131103515625
2809.734130859375
6015.978515625
3547.8017578125
1871.4503173828125
666.3795776367188
1628.861328125
598.2190551757812
5007.22509765625
610.0214233398438
3153.230224609375
1896.5130615234375
2827.67138671875
2727.900390625
3669.619873046875
3941.53515625
1291.3238525390625
3358.19189453125
2857.510986328125
2943.790283203125
2167.65576171875
3474.303466796875
4390.5615234375
5296.4091796875
3497.06396484375
3198.18798828125
3111.867431640625
2180.662109375
4537.15966796875
2176.08544921875
4875.48193359375
5860.3525390625
4398.10400390625
4808.3544921875
2877.4794921875
2688.296142578125
6393.18994140625
1601.4937744140625
4767.79833984375
3269.234130859375
4605.83349609375
2451.8330078125
4182.919921875
1428.6922607421875
3269.653564453125
5908.06201171875
2449.7470703125
3235.50830078125
1809.6904296875
2697.649169921875
4497.19677734375
3828.474365234375
1556.246826171875
1463.9495849609375
4817.8828125
1404.7322998046875
5298.13037109375
4695.95361328125
2929.00732421875
3135.834716796875
2936.687744140625
2538.95703125
2679.853271484375
2198.929931640625
3606.414794921875
3716.32470703125
4928.3525390625
6588.69287109375
2181.437255859375
5773.03125
4014.5869140625
1441.3619384765625
2425.435791015625
1709.322265625
2513.458251953125
3669.604736328125
2280.326171875
2091.679443359375
3591.6240234375
3523.896240234375
1687.495849609375
2334.804443359375
807.469482421875
2403.974365234375
5012.287109375
3195.79736328125
4485.97314453125
2658.630859375
4754.92822265625
3322.083251953125
2570.7939453125
3409.66845703125
4267.81787109375
782.1710815429688
2558.599609375
3086.214111328125
2051.9443359375
2272.927734375
4573.28125
2045.9998779296875
2712.680419921875
3041.14599609375
2401.181640625
948.3397216796875
1165.8929443359375
1023.8585815429688
4033.197021484375
1929.2064208984375
2125.89599609375
3330.74169921875
3184.851806640625
5758.24853515625
3384.015380859375
2896.34033203125
3142.9296875
3338.377197265625
4388.73974609375
2371.082763671875
2730.368896484375
2530.602783203125
2934.22216796875
766.8119506835938
1031.68212890625
1075.42626953125
3597.003662109375
6535.78369140625
3825.931640625
4967.5537109375
5124.66357421875
3515.128173828125
3882.5
4707.6376953125
2109.391357421875
5577.8349609375
2675.39111328125
2783.779296875
3784.57763671875
1524.3541259765625
4413.41259765625
2407.053955078125
2064.455810546875
1823.0074462890625
4740.94287109375
2864.277587890625
2567.787353515625
2493.53955078125
3272.482666015625
5257.00927734375
4909.31591796875
3588.3818359375
4981.68798828125
2474.77392578125
2527.536376953125
6482.8427734375
3773.2568359375
3104.491455078125
3854.134033203125
3103.77880859375
4180.02587890625
3918.2392578125
2693.157958984375
3454.529296875
3253.10693359375
3531.18798828125
4412.98193359375
3655.072021484375
3767.407470703125
442.67559814453125
5691.10791015625
2740.545654296875
3708.0966796875
810.463623046875
2431.32861328125
3777.939697265625
3397.59912109375
5803.84521484375
2941.264404296875
1621.4046630859375
4558.99072265625
3552.017578125
1435.3758544921875
2914.986572265625
6088.26318359375
2267.1826171875
1542.5841064453125
3935.824951171875
2111.15283203125
3066.9921875
3513.756591796875
3946.757568359375
5501.32861328125
3617.68798828125
1294.5274658203125
2623.470458984375
3948.556640625
7299.56005859375
4025.98095703125
4484.33837890625
1641.6553955078125
4985.64892578125
4100.74462890625
3099.722412109375
5406.2451171875
3061.518310546875
1352.8248291015625
1653.0120849609375
5734.29052734375
1894.882080078125
6144.26171875
1029.5401611328125
1768.09375
2747.355224609375
5153.126953125
5880.99951171875
2149.285400390625
644.36181640625
2018.7366943359375
2714.57275390625
3100.698974609375
4796.8486328125
3102.518798828125
6778.98876953125
1992.8060302734375
6632.86572265625
3393.67626953125
2790.23681640625
2860.072509765625
3560.629150390625
2758.332763671875
5042.24462890625
4839.0947265625
6529.4189453125
5001.01318359375
3181.54443359375
4646.44775390625
1711.914306640625
2712.12646484375
2329.69775390625
6382.541015625
6638.05322265625
1554.432373046875
1585.0775146484375
1845.83154296875
2807.900146484375
1177.0650634765625
1593.0872802734375
5955.1025390625
4205.1884765625
6207.07080078125
3223.071044921875
1791.8001708984375
422.4170837402344
3842.854736328125
4242.0224609375
4118.90283203125
1481.6060791015625
3634.76123046875
3946.427734375
3130.776123046875
2343.1982421875
4259.7421875
3855.37646484375
6779.42822265625
3815.67626953125
4335.23974609375
2335.77197265625
1003.4208984375
4716.16259765625
6449.1171875
3070.482421875
6328.20361328125
1613.169189453125
5599.2841796875
1615.354248046875
4258.109375
2107.762451171875
2035.2457275390625
2469.4306640625
4176.681640625
2863.039794921875
2940.401611328125
2208.25146484375
4675.5380859375
5203.482421875
5032.62744140625
2354.42138671875
4518.84521484375
2835.218017578125
1945.7197265625
2475.82666015625
3873.018310546875
3818.3818359375
5560.94873046875
3851.10546875
4237.4931640625
4770.8095703125
1547.2657470703125
2025.77978515625
2465.377685546875
2237.66015625
2126.54736328125
4970.71044921875
2124.73388671875
1965.5755615234375
2942.8623046875
3155.0400390625
1527.6575927734375
7027.89599609375
3202.953369140625
3501.3603515625
6675.67724609375
4699.2685546875
3280.48388671875
4311.47216796875
4332.76318359375
1436.30419921875
3355.958740234375
3260.167724609375
5531.97607421875
4194.05029296875
3584.563720703125
1765.3963623046875
2705.62255859375
1884.449462890625
6847.546875
3745.14794921875
4186.44677734375
2806.4296875
7366.05859375
2652.344482421875
3671.744384765625
4796.451171875
3380.402587890625
2083.135498046875
3645.355224609375
914.107177734375
4008.9345703125
2943.776123046875
1483.1064453125
1556.2039794921875
848.9371948242188
1051.7030029296875
6013.07177734375
6491.5283203125
4054.5703125
2585.576416015625
4569.078125
754.5001220703125
4392.20361328125
3737.594482421875
2392.927978515625
4552.35009765625
3094.492431640625
3218.232177734375
1181.941650390625
3752.83154296875
5467.58935546875
6405.685546875
2927.706298828125
3553.6220703125
3059.889404296875
3835.90234375
5950.427734375
1199.489013671875
6493.8779296875
3454.238037109375
1276.4093017578125
2337.70654296875
1824.38525390625
1659.937744140625
3561.422119140625
3376.384765625
2914.212646484375
2744.64697265625
1777.4910888671875
3194.44287109375
2123.0908203125
3874.950927734375
856.1217041015625
3543.868896484375
1308.0462646484375
1593.4910888671875
2125.88720703125
4247.2626953125
2336.239501953125
1365.251220703125
4088.73046875
5468.28271484375
4603.859375
3930.692138671875
2846.86962890625
2011.0279541015625
2997.97314453125
3804.167724609375
3350.1455078125
1690.1370849609375
5609.0615234375
3029.94091796875
3576.65234375
1214.2713623046875
2041.1234130859375
4075.95947265625
2372.69921875
2312.97119140625
2180.07421875
3875.849365234375
1649.8021240234375
2776.3388671875
4653.09912109375
3632.76611328125
1696.5511474609375
3091.695556640625
3764.58984375
6941.5302734375
1022.9407958984375
3300.69775390625
7287.9306640625
754.8650512695312
2281.964111328125
2799.157958984375
1174.8216552734375
5244.39501953125
2447.54248046875
2807.976318359375
4625.22802734375
3166.6884765625
2197.252197265625
3616.404296875
2422.04150390625
2326.09326171875
6236.24365234375
4312.5390625
3481.41796875
2012.507568359375
4318.513671875
3570.483642578125
7159.9296875
4302.04052734375
1523.587158203125
1419.8427734375
1030.4769287109375
1653.4488525390625
2729.7080078125
3802.1650390625
3025.97216796875
482.3832092285156
3220.719970703125
767.9846801757812
5076.0107421875
3712.519287109375
4175.53515625
1695.467529296875
1205.6903076171875
6325.91162109375
7371.2587890625
2936.63525390625
2941.986572265625
5003.42333984375
1250.5787353515625
6452.2685546875
4784.7978515625
2649.7431640625
2560.68505859375
2702.136962890625
2254.033203125
4762.74658203125
2222.271240234375
3449.2685546875
4021.58837890625
1394.60546875
1899.3822021484375
1379.300048828125
1344.3214111328125
3717.439697265625
4197.875
3220.28076171875
5211.10498046875
2991.33447265625
5693.87255859375
2824.424072265625
3077.45361328125
2137.22998046875
4273.7978515625
2920.23046875
4571.966796875
1242.8447265625
480.1184387207031
4686.06201171875
5647.7412109375
2528.151123046875
3852.94384765625
3789.35595703125
1493.510498046875
4214.4619140625
1899.503173828125
3359.649169921875
1468.0509033203125
6160.17333984375
1789.964599609375
2590.185546875
999.7769165039062
3797.67529296875
1359.3756103515625
2197.78955078125
2519.49072265625
4201.6611328125
1293.7279052734375
673.8757934570312
3531.65087890625
2528.44873046875
5694.326171875
3365.200927734375
2755.2470703125
4404.24609375
3841.14111328125
5820.87890625
2780.906982421875
2591.9677734375
1834.7318115234375
4536.619140625
3401.337890625
1375.006103515625
2076.259765625
3579.79638671875
2528.90478515625
4058.42626953125
5243.4140625
5657.21875
5672.21240234375
3880.91748046875
2301.725341796875
4318.0380859375
3922.223876953125
5210.8671875
4142.31982421875
5026.70166015625
3582.662109375
2494.05712890625
5349.97607421875
1452.624267578125
3948.623046875
2979.148681640625
2031.6734619140625
4657.6767578125
5259.25390625
3977.380859375
2316.876220703125
4691.5751953125
5545.25732421875
3611.595947265625
3721.117919921875
2020.9853515625
3188.955810546875
3241.460693359375
4608.45361328125
2540.8505859375
4157.69970703125
2720.890869140625
3328.5556640625
4683.39501953125
5467.73974609375
1613.8626708984375
2700.6708984375
4300.30029296875
3343.764892578125
4036.2861328125
3186.203125
4317.55712890625
1831.173583984375
2641.31884765625
5657.41455078125
3511.8017578125
2190.59716796875
2719.10888671875
3045.949951171875
4488.8349609375
5890.0859375
5995.1044921875
3781.438720703125
1389.37255859375
912.9702758789062
3461.99267578125
3549.09033203125
4148.91015625
3635.24365234375
3684.5703125
489.3680114746094
5793.35302734375
2460.4580078125
2663.320556640625
3345.4912109375
2882.816650390625
5882.20849609375
5554.36328125
2036.5242919921875
4651.2705078125
2782.897216796875
5623.53759765625
4440.40673828125
2554.730224609375
4437.86328125
2567.518310546875
4935.14208984375
496.5165100097656
6059.4140625
5142.328125
3475.68359375
4949.17236328125
3909.0380859375
5160.44677734375
1863.1104736328125
4442.908203125
4967.71044921875
1069.588623046875
1194.1439208984375
1437.5740966796875
1400.75439453125
1747.5382080078125
802.9080810546875
2318.1435546875
5689.6904296875
1822.3924560546875
4136.7900390625
2648.68408203125
4536.7119140625
2529.064697265625
2704.864501953125
1732.3741455078125
929.0286865234375
4030.926025390625
2758.7275390625
4998.75927734375
4033.68505859375
1728.80810546875
2774.51416015625
2362.24609375
3728.669189453125
5923.724609375
3625.1005859375
3141.67724609375
2596.305419921875
6230.36328125
2725.086181640625
5568.33837890625
3038.479248046875
6947.81689453125
2564.42529296875
2946.492919921875
7139.7783203125
4989.57958984375
3433.7119140625
1718.3238525390625
1165.9454345703125
6491.24658203125
1865.3992919921875
3829.02587890625
2074.579345703125
3765.973876953125
3145.550537109375
1770.98388671875
2706.042236328125
3271.004150390625
561.7864379882812
988.4209594726562
4417.63525390625
2660.525390625
3248.259765625
6511.42041015625
3763.969482421875
2989.86376953125
948.18505859375
2325.992919921875
6372.49462890625
3025.144287109375
3108.27734375
3293.525390625
3893.060791015625
1612.61376953125
4939.92333984375
3733.21826171875
2968.990966796875
951.2075805664062
5404.94677734375
2130.798583984375
2432.887451171875
1840.5869140625
5446.123046875
4734.16357421875
2803.939453125
2576.6962890625
5534.21826171875
2693.3017578125
1716.7498779296875
3044.631591796875
1717.691650390625
5741.47021484375
5289.2490234375
2200.98095703125
2581.69482421875
3705.643310546875
2082.221923828125
1647.796142578125
3773.900390625
6763.04638671875
1301.598876953125
6571.27734375
2578.544677734375
3958.80859375
4683.98291015625
4097.796875
7202.046875
3244.845703125
4966.85986328125
3972.4814453125
3849.17578125
1638.9903564453125
3283.1455078125
3860.48876953125
4066.21728515625
5917.6904296875
1807.0743408203125
1804.5323486328125
4667.92431640625
1507.2835693359375
1831.6234130859375
1938.0848388671875
2976.949951171875
1373.537109375
1374.0810546875
4438.69970703125
4835.29345703125
4833.47802734375
882.54150390625
4081.810302734375
2258.056884765625
2457.116455078125
3554.901123046875
4910.29931640625
3657.36376953125
5710.88427734375
1152.6231689453125
1975.484130859375
3189.610107421875
3360.06103515625
3844.19775390625
691.2306518554688
942.9917602539062
6089.4853515625
2476.7890625
723.4881591796875
3296.152587890625
5578.42333984375
3700.619384765625
1359.00146484375
3010.480224609375
2745.22216796875
862.0402221679688
3495.848388671875
1397.4930419921875
4844.93310546875
1375.0833740234375
4003.51025390625
3262.712890625
5342.33349609375
4892.23876953125
4549.29248046875
632.9962158203125
2324.217041015625
3808.587890625
3405.92333984375
3785.81201171875
772.1947631835938
1041.0054931640625
4125.779296875
1602.01171875
5319.31884765625
2412.25048828125
1309.0733642578125
1180.9605712890625
2506.984375
2486.01171875
4317.3671875
2890.0673828125
4808.3896484375
5970.2392578125
5065.478515625
4292.89306640625
5215.775390625
2970.146240234375
5092.15966796875
6617.00439453125
932.0443725585938
725.859619140625
959.09375
2200.841796875
1728.0130615234375
1571.371826171875
3401.94677734375
952.6069946289062
3767.943115234375
4205.365234375
3225.152587890625
1556.765625
3425.1376953125
6514.32080078125
3347.525390625
4034.587890625
1935.3040771484375
3135.261474609375
2241.36328125
2388.5361328125
4669.34619140625
3433.520263671875
3669.9248046875
4891.66650390625
2419.10107421875
1180.044921875
3585.0693359375
1134.585693359375
4741.68505859375
3993.668212890625
5800.9091796875
575.5382690429688
5914.259765625
4003.926513671875
2197.6005859375
4738.5068359375
4082.22802734375
1762.426513671875
3543.126220703125
2156.076171875
4289.3359375
3309.311767578125
3068.338134765625
4973.3212890625
7012.16064453125
1930.6318359375
4936.26904296875
1695.5123291015625
6041.75732421875
3622.2578125
4756.96435546875
3057.439453125
1974.5838623046875
2261.2255859375
978.1917114257812
4954.62109375
2482.235107421875
3596.016845703125
1294.8883056640625
3609.744384765625
2892.52880859375
5876.18017578125
1779.441650390625
1974.6856689453125
3176.179443359375
1768.6890869140625
1781.059814453125
3622.73193359375
3160.246337890625
5043.2822265625
2962.2763671875
3251.433837890625
3829.9658203125
1986.965576171875
4546.43017578125
4979.87255859375
3962.833984375
6902.8017578125
3020.533203125
1002.1907348632812
5546.14794921875
4776.64306640625
929.445068359375
5239.10693359375
3211.473876953125
2270.992431640625
5303.03759765625
3683.53759765625
5570.87939453125
4103.07763671875
5663.86669921875
2939.048095703125
2944.272216796875
2411.361572265625
2570.72509765625
5355.37548828125
2691.4541015625
5833.5771484375
3064.2880859375
899.5831298828125
4930.7607421875
3940.712158203125
2537.06396484375
3427.976318359375
5143.63427734375
3615.928466796875
1908.8485107421875
3377.458740234375
3972.37841796875
4406.1455078125
5267.21875
3278.063720703125
5204.49609375
3745.552490234375
2760.697265625
2676.355224609375
1378.136474609375
2672.51611328125
1872.89013671875
4619.23486328125
1862.525390625
1083.0504150390625
3123.35205078125
2946.689208984375
1390.1727294921875
4167.57373046875
926.8427124023438
2037.1705322265625
5952.9482421875
2664.88671875
2713.459228515625
3337.456298828125
2358.434326171875
3972.599365234375
1556.126953125
4023.4619140625
3589.118408203125
3636.68896484375
6413.19775390625
1367.3153076171875
3463.1884765625
2975.82763671875
3658.900390625
3246.274169921875
2813.41259765625
4259.95751953125
1676.558349609375
2614.75927734375
4056.5908203125
2886.840576171875
2697.371826171875
3164.815185546875
1044.1881103515625
1105.65478515625
1297.7823486328125
2350.154296875
2726.2490234375
964.094482421875
1657.3858642578125
3205.13720703125
3625.390380859375
2649.10205078125
5126.17626953125
2066.83544921875
921.1325073242188
5770.96630859375
3647.764404296875
1647.4393310546875
4523.546875
6667.24169921875
1541.7042236328125
2223.64892578125
4006.9638671875
4148.53173828125
4137.61669921875
3639.26708984375
3290.065185546875
2563.37841796875
5102.72412109375
4363.6044921875
4287.46826171875
6597.330078125
1124.871337890625
1080.4073486328125
2865.812255859375
2756.248291015625
3631.297119140625
2519.927490234375
2732.1396484375
6218.30419921875
5215.9189453125
2131.58837890625
6351.30908203125
3249.12939453125
5248.3271484375
969.4375610351562
3727.05224609375
3595.9013671875
3249.099853515625
1264.9439697265625
4383.91650390625
3894.908203125
5573.00439453125
5450.8935546875
1221.9434814453125
1080.378662109375
4577.94775390625
2395.3837890625
3752.186767578125
4831.4794921875
3550.552978515625
3317.150146484375
2471.51708984375
1756.468994140625
3317.362060546875
5971.6513671875
2904.660400390625
5948.80078125
2412.26904296875
2903.94677734375
1652.6240234375
4039.640380859375
1633.66650390625
2773.9873046875
5586.64453125
3374.06396484375
2671.026611328125
5662.42919921875
4427.25439453125
3956.94091796875
1838.4403076171875
5553.95849609375
4021.615234375
2255.298583984375
2283.941650390625
4574.32470703125
6136.23779296875
1350.8760986328125
2889.080322265625
4753.92724609375
3855.189697265625
980.7022094726562
1377.3304443359375
2746.014404296875
1999.2808837890625
3888.275146484375
3780.908447265625
3380.3984375
2544.6806640625
4567.62548828125
3302.129150390625
2932.454345703125
4930.94482421875
1783.7943115234375
4674.7568359375
4903.50537109375
3357.11572265625
2140.9638671875
4746.23046875
959.7492065429688
3495.571044921875
3095.477294921875
2152.529541015625
3329.72509765625
4320.51123046875
1175.763671875
3626.271728515625
3629.5595703125
3681.281982421875
1394.9129638671875
5349.54736328125
2650.920654296875
2328.766845703125
1494.61376953125
2360.311279296875
1714.6614990234375
3985.91357421875
5187.03369140625
1358.0601806640625
7107.14892578125
3485.60546875
4458.35205078125
3495.48779296875
4969.49462890625
4291.15283203125
6217.63525390625
3107.554443359375
1704.274658203125
1630.608154296875
5347.49609375
3916.059814453125
6581.26904296875
4442.4765625
6549.5205078125
2220.840087890625
1632.41259765625
5491.82177734375
2686.216796875
2565.830078125
3829.098388671875
2689.033203125
1911.107177734375
652.040771484375
2275.789306640625
2844.967041015625
2834.65625
2930.84326171875
3213.811767578125
3532.44140625
6511.82861328125
4563.5791015625
2004.2279052734375
4413.21826171875
3243.526611328125
3232.7177734375
5276.61328125
2395.947021484375
2737.43994140625
3421.0
2269.843994140625
2996.09033203125
2897.195556640625
5693.17578125
2102.04052734375
3168.9482421875
3564.92041015625
4042.0634765625
3044.887451171875
2134.8720703125
1909.3131103515625
917.7835083007812
2585.171142578125
3243.601318359375
4793.72314453125
3474.031005859375
1624.902099609375
3226.052490234375
3067.273193359375
3520.967041015625
4035.81494140625
2347.7275390625
2580.021240234375
2718.974853515625
2670.99267578125
2216.751953125
3321.56982421875
2683.447509765625
4221.90478515625
2667.72998046875
3305.77197265625
6623.60986328125
4340.12841796875
3057.011474609375
3961.087158203125
6037.59326171875
1307.550537109375
3525.546875
3957.2021484375
3710.05859375
4176.0400390625
6374.50634765625
5486.75732421875
5008.85791015625
3080.94287109375
2264.81494140625
3195.685791015625
6866.947265625
1235.6361083984375
1257.4456787109375
1105.935791015625
4879.68017578125
6816.52685546875
2814.100830078125
3493.02392578125
2947.0458984375
6626.1044921875
5337.650390625
3046.665283203125
2656.689453125
2100.48779296875
3857.068115234375
742.570556640625
2428.648681640625
2343.83251953125
3851.7001953125
1128.9888916015625
2586.456298828125
2498.623291015625
2503.417236328125
1931.100341796875
2964.6357421875
2949.216064453125
1473.4561767578125
4927.1865234375
3088.48974609375
1519.4891357421875
1729.0726318359375
3610.22607421875
2886.6708984375
3357.97216796875
2765.702392578125
2771.62060546875
4842.54296875
4989.81591796875
1113.169189453125
7550.4814453125
1479.37060546875
2639.48779296875
3315.458984375
3791.94775390625
3787.39404296875
1296.779296875
1258.6824951171875
3932.372802734375
3671.4638671875
3463.326904296875
1963.4896240234375
3416.024169921875
5349.3828125
6156.69970703125
3170.096923828125
3858.6572265625
2236.62939453125
3039.92529296875
3889.8896484375
6395.45458984375
1965.591796875
2146.75732421875
3515.403076171875
6323.0234375
3114.343994140625
1962.186767578125
7229.87158203125
2876.096435546875
4895.2626953125
2325.158447265625
3031.269775390625
6111.935546875
2967.30419921875
2890.44384765625
4293.08056640625
3929.52783203125
1291.8597412109375
3172.731689453125
2809.12158203125
4266.45751953125
3580.217529296875
3596.0595703125
3872.3408203125
1718.46435546875
3058.321533203125
3596.067138671875
5032.84423828125
2066.64990234375
4590.25732421875
3868.236572265625
3946.29443359375
3193.25732421875
2961.680419921875
4627.814453125
3673.2587890625
4356.34326171875
3907.385498046875
6562.42578125
1661.3099365234375
4243.162109375
3055.3349609375
6091.93408203125
4645.244140625
984.828857421875
2208.962890625
4335.1435546875
2842.067138671875
6831.83984375
1784.416259765625
1764.083984375
3099.64599609375
1728.0142822265625
5842.8115234375
3806.34521484375
1324.3514404296875
4669.7880859375
2450.4052734375
2555.10205078125
2148.297607421875
3705.891357421875
3474.5771484375
3464.78369140625
3677.385986328125
4243.162109375
3615.1025390625
1493.8587646484375
1863.423828125
900.6561889648438
1750.2515869140625
2854.538330078125
4480.47705078125
3872.463134765625
7142.66845703125
981.5122680664062
4139.16650390625
2598.103515625
4166.25048828125
3618.579833984375
4024.21484375
1459.4937744140625
2766.4521484375
842.7008056640625
2296.89453125
3101.868408203125
2724.183349609375
3534.15625
4454.18017578125
2099.771240234375
3394.280029296875
4663.474609375
4485.263671875
3172.800048828125
3998.888916015625
782.5992431640625
4507.51806640625
4611.74267578125
3114.77197265625
630.6071166992188
1927.0706787109375
6977.00732421875
4664.72021484375
6035.8759765625
1857.24609375
2985.228759765625
2875.26025390625
2836.93408203125
2101.286865234375
4630.55419921875
1152.636962890625
4046.173828125
2390.2548828125
2644.665771484375
4030.357177734375
4459.310546875
3952.372802734375
4714.818359375
3964.839599609375
3524.83154296875
3891.9658203125
2520.595458984375
2739.1337890625
4062.210693359375
2859.0791015625
7039.92578125
4264.93701171875
1030.6336669921875
4265.7763671875
2396.0859375
4743.3095703125
3355.93994140625
875.4010009765625
3562.222412109375
8333.37109375
2790.219482421875
2686.48095703125
3734.037353515625
2365.62060546875
5467.2138671875
4135.6611328125
3539.47119140625
1280.4339599609375
2297.916748046875
2510.01318359375
2991.410888671875
1848.447998046875
2165.00048828125
4875.2841796875
657.6380004882812
5304.50048828125
5147.7587890625
5038.638671875
4118.73291015625
4040.30517578125
3052.797119140625
3332.12646484375
6488.5068359375
4566.17333984375
2526.956298828125
6193.08154296875
3956.23681640625
1891.5462646484375
3840.73486328125
2967.42138671875
2251.371826171875
3202.793212890625
5466.2529296875
1541.720458984375
4505.33203125
1757.065673828125
2585.3525390625
5815.19091796875
4183.95556640625
2202.062255859375
5323.67333984375
3147.539794921875
4219.73779296875
1379.8233642578125
3971.51416015625
3614.03076171875
3377.638671875
5246.48193359375
3107.12353515625
3840.71728515625
2557.647216796875
3931.15771484375
1531.4976806640625
1801.87109375
3676.476318359375
2218.19140625
3025.489013671875
4293.248046875
2992.684814453125
5012.81689453125
6351.30908203125
2301.41845703125
5573.00439453125
2847.6240234375
5870.02783203125
3282.371337890625
1225.611572265625
6292.5283203125
3580.78759765625
4715.66943359375
1600.2874755859375
5278.98193359375
6479.4287109375
2170.37841796875
1091.7493896484375
2083.8876953125
2930.474609375
1597.225341796875
1289.4576416015625
1703.5238037109375
2711.95068359375
2944.923095703125
3059.742431640625
3396.964111328125
6992.81787109375
1872.9818115234375
1423.092529296875
3447.665771484375
3806.90771484375
2760.5322265625
4151.5390625
3564.77294921875
1086.130615234375
3594.888671875
5256.39599609375
4266.8408203125
2752.19970703125
2728.166748046875
796.1396484375
1608.5650634765625
3240.781494140625
4156.5302734375
6956.3828125
2084.810791015625
4853.404296875
2787.505126953125
3223.361083984375
1361.5406494140625
2502.025390625
3057.72509765625
1617.689697265625
1812.7369384765625
2250.555908203125
6117.7587890625
1350.9942626953125
2753.44091796875
651.8568115234375
2758.197021484375
3609.03564453125
2477.6416015625
4332.47509765625
3253.462646484375
891.7719116210938
1615.8607177734375
4550.80908203125
2625.460693359375
3441.576904296875
5039.03173828125
3612.02099609375
2415.936767578125
3166.185791015625
4531.4130859375
4849.51318359375
1978.88818359375
4408.48681640625
2830.319580078125
3090.95654296875
1612.211669921875
2178.443603515625
3374.05029296875
2347.997802734375
3290.900390625
2032.63037109375
4138.021484375
2949.93603515625
1845.3248291015625
4996.11572265625
4583.52978515625
3851.969970703125
5326.56884765625
2963.17333984375
5825.154296875
3520.24609375
4907.02294921875
1806.7896728515625
2746.20947265625
5808.02392578125
3023.8701171875
1361.2891845703125
2789.860107421875
2890.369873046875
2710.9794921875
3869.448974609375
5160.30859375
5537.0009765625
1863.858154296875
1550.1552734375
2780.5078125
4685.47021484375
1929.564453125
3853.326171875
3940.6689453125
4176.2998046875
3579.305908203125
2058.969482421875
3801.866943359375
4577.80322265625
1037.4732666015625
5963.8740234375
3129.34228515625
973.8199462890625
2090.07568359375
4695.10107421875
2360.614990234375
827.3428955078125
2875.349365234375
2199.55126953125
3846.407470703125
1596.929931640625
3686.10791015625
4218.15380859375
4705.380859375
3637.958251953125
2011.635009765625
1189.7034912109375
1134.422119140625
5470.126953125
3790.434814453125
2871.858154296875
2999.8212890625
1680.121826171875
4232.27294921875
902.810791015625
2281.418701171875
2794.9267578125
4029.688720703125
3105.290283203125
1472.6878662109375
2370.22802734375
2461.25927734375
1137.7777099609375
5159.71826171875
4469.8115234375
3868.662109375
2235.59130859375
2968.04296875
1708.1016845703125
2795.720458984375
4170.119140625
2891.827880859375
3655.763916015625
3621.86474609375
3070.631591796875
3693.871337890625
5064.927734375
1634.743408203125
1629.6151123046875
2059.834228515625
4134.08935546875
2175.72900390625
5772.73876953125
3071.11669921875
5842.21337890625
2270.094970703125
1790.2587890625
4000.09326171875
5992.5078125
3555.344482421875
4841.001953125
997.8667602539062
5167.53369140625
3763.8291015625
2833.594482421875
2953.189453125
5058.40478515625
2220.012451171875
3313.3046875
2611.126953125
4130.7001953125
3667.09033203125
5491.41162109375
3755.369384765625
3985.724609375
5712.4833984375
1478.016845703125
2983.73046875
3613.763671875
1637.355712890625
2158.42822265625
6446.453125
2981.64990234375
3921.52099609375
5598.291015625
3597.1875
3074.260986328125
2127.287109375
1573.9827880859375
5917.7509765625
2270.1337890625
2295.68017578125
4954.02099609375
2267.33935546875
2980.116455078125
2896.19970703125
4114.86083984375
3731.05419921875
2746.54638671875
3445.0908203125
4988.5771484375
4075.152587890625
2753.57421875
3447.646240234375
4735.24658203125
2503.655517578125
4251.39208984375
3170.375244140625
5490.3427734375
6624.78466796875
2367.576171875
3091.298095703125
3959.46923828125
1433.6842041015625
2709.651611328125
773.00244140625
1296.4990234375
5035.92919921875
3372.70068359375
3512.740966796875
4607.91162109375
1279.027099609375
2134.751953125
4044.972412109375
4571.83251953125
3035.990234375
3582.750732421875
6492.21240234375
2168.06201171875
3779.01611328125
3208.487548828125
1775.280517578125
3176.548828125
858.6580200195312
5904.365234375
3298.905029296875
3862.63671875
3541.173828125
3222.825927734375
3610.4296875
1703.6806640625
1531.6082763671875
3507.6611328125
2486.0361328125
4927.82666015625
6766.9716796875
4185.48388671875
5032.94091796875
945.9223022460938
1550.1494140625
2568.81787109375
2594.23193359375
2467.880615234375
3057.015869140625
2370.275390625
3428.289794921875
2593.826904296875
5013.5166015625
2654.690673828125
6041.20654296875
3032.708984375
4660.57275390625
4333.5078125
2517.248779296875
2930.322998046875
4298.35302734375
3646.439697265625
2595.99365234375
4361.78076171875
1693.305419921875
4606.0712890625
1196.6912841796875
2965.2861328125
4878.11181640625
6157.37744140625
5476.48583984375
3676.83740234375
2836.153076171875
6623.95458984375
3580.256103515625
3872.283203125
2179.231689453125
2522.342529296875
3679.81787109375
6956.830078125
2389.658935546875
3599.94677734375
1634.925048828125
4223.86279296875
2902.51220703125
4346.2783203125
1605.230712890625
6050.5830078125
5871.12939453125
2976.2470703125
5066.83349609375
2977.348876953125
3112.220458984375
2575.8232421875
3242.899169921875
2737.432861328125
4664.7158203125
4336.15380859375
3911.021728515625
2299.46337890625
3043.002685546875
4959.4208984375
2942.087646484375
3502.812744140625
2241.1884765625
853.774169921875
2848.873046875
3872.463134765625
1949.3294677734375
2740.326171875
3421.591064453125
3566.7236328125
4089.7587890625
2579.785400390625
2389.888427734375
6143.22216796875
1555.674072265625
3317.97216796875
5789.0966796875
2914.399658203125
2246.66162109375
1888.204345703125
1235.551513671875
3026.279052734375
2461.083740234375
2225.8583984375
6075.83056640625
6329.66845703125
1090.1221923828125
2457.68505859375
2395.83740234375
6184.4560546875
1057.3345947265625
907.9134521484375
2386.023681640625
2841.259765625
1648.1199951171875
2360.40380859375
6562.9833984375
975.1456298828125
1465.865478515625
3381.495849609375
3474.47216796875
3088.217041015625
5240.44091796875
3996.55615234375
2149.1572265625
2698.790283203125
2234.33984375
1488.340087890625
2118.7880859375
5326.40478515625
5214.572265625
2831.701904296875
3403.727294921875
1795.510986328125
3269.233642578125
4372.3837890625
696.3003540039062
3772.875
3184.74169921875
3122.4384765625
775.493408203125
2642.224609375
4257.13818359375
3367.085205078125
3275.97119140625
3315.5107421875
3754.985107421875
2347.302978515625
3828.010498046875
2682.031494140625
2320.169921875
4323.8525390625
4057.106201171875
4706.63134765625
2070.672607421875
2016.7469482421875
2904.905029296875
3211.86962890625
4663.67822265625
6556.77880859375
1815.5977783203125
3801.379638671875
1925.80224609375
2948.1611328125
2787.18505859375
3647.343017578125
2468.2138671875
3344.0009765625
2713.819580078125
2434.39013671875
2028.6141357421875
1822.5595703125
2425.407958984375
4911.833984375
4165.451171875
6634.74365234375
3409.107666015625
3863.840576171875
3040.91357421875
5899.490234375
2729.107666015625
1804.9998779296875
2454.833740234375
1796.63818359375
4716.26904296875
1153.6988525390625
985.763671875
2535.655029296875
665.8659057617188
5163.4853515625
2715.541748046875
3978.4951171875
2737.332763671875
2044.07080078125
5427.0771484375
1149.142578125
5309.29150390625
3856.7685546875
3581.265869140625
3135.25146484375
1113.658203125
3020.7373046875
1073.9813232421875
2811.962890625
4191.84326171875
3414.756103515625
2860.545166015625
2546.819091796875
3443.86328125
4540.96337890625
2706.042236328125
3389.234130859375
1895.9169921875
3384.47998046875
3587.243896484375
2093.945556640625
3953.3173828125
6399.611328125
1444.8187255859375
5351.07275390625
4271.77490234375
3556.58056640625
2651.737548828125
2801.36669921875
2010.73291015625
1508.2567138671875
4024.224609375
2637.4873046875
6185.15869140625
2558.569580078125
3312.712890625
2341.688232421875
3739.52099609375
3851.9580078125
5227.34033203125
2959.758544921875
2016.57421875
3304.087646484375
3321.99560546875
4435.79150390625
2526.666748046875
995.4571533203125
2420.26708984375
2736.107177734375
5354.8369140625
2862.828125
4200.74560546875
6283.3037109375
2855.46875
3438.6240234375
5042.857421875
3264.96533203125
3081.007080078125
5263.23779296875
1706.1199951171875
2634.5029296875
810.2803955078125
2075.2724609375
4189.828125
3177.436767578125
4291.12939453125
2060.54052734375
5654.0966796875
3251.8125
1213.221923828125
2070.953369140625
3726.38134765625
2226.785400390625
6506.73193359375
3614.93310546875
2879.2587890625
6453.8427734375
3101.8408203125
2040.348876953125
4239.15771484375
3717.372802734375
1561.0577392578125
2588.82470703125
3145.0478515625
1903.1055908203125
2663.346435546875
2568.57666015625
2410.554443359375
6506.06103515625
3717.79345703125
4549.92822265625
960.9683837890625
615.6326904296875
3031.0322265625
1986.2525634765625
2359.85595703125
3402.75439453125
3254.91748046875
1361.6011962890625
2569.59326171875
3369.370361328125
2299.772216796875
4107.49365234375
1646.6072998046875
4556.26806640625
591.21923828125
2688.400390625
2657.522705078125
3170.275390625
3148.799560546875
4478.87060546875
2421.228759765625
3075.62939453125
3508.30078125
1955.5419921875
924.1604614257812
4834.64306640625
2153.001708984375
3669.25
2552.1875
2031.0743408203125
3919.907958984375
2712.58349609375
3699.717041015625
2817.098876953125
3888.735107421875
5816.171875
2780.23193359375
6318.1650390625
4758.24365234375
4068.777099609375
1748.2679443359375
5982.35986328125
3667.681396484375
1401.01171875
5612.28515625
4050.876953125
3802.186279296875
4451.22021484375
3579.135009765625
2224.535888671875
3555.25146484375
3111.765869140625
3592.34765625
4381.80859375
2170.969482421875
4330.15771484375
2665.43798828125
3684.889892578125
2876.878173828125
1583.1314697265625
3961.593017578125
6115.8486328125
2809.365234375
2751.094970703125
2041.6416015625
4225.8798828125
4393.53271484375
2348.43896484375
1514.5882568359375
1091.419189453125
1842.79833984375
2987.45556640625
2691.95703125
2603.33935546875
2106.220703125
4075.86376953125
5380.2353515625
799.7477416992188
3922.331298828125
4776.13818359375
6347.84375
2918.2763671875
1734.77978515625
3258.20947265625
3430.1611328125
3158.912841796875
2146.7109375
2203.961669921875
3062.013427734375
4995.88720703125
1594.679443359375
6248.8779296875
3660.348388671875
4514.0703125
3262.9013671875
1874.9295654296875
4907.669921875
3872.865234375
2973.0771484375
2464.5673828125
5714.759765625
5532.91845703125
3640.66943359375
5373.6591796875
1016.3077392578125
3126.32568359375
2592.043212890625
2286.346923828125
1306.6883544921875
3049.1884765625
2914.057861328125
1800.1973876953125
539.6979370117188
7267.25146484375
3232.13720703125
2910.25390625
2294.19873046875
5048.00244140625
2111.739501953125
3128.43359375
4969.10595703125
3261.47607421875
881.3150024414062
3192.51220703125
3702.598876953125
4904.6591796875
4027.063720703125
1587.6968994140625
3346.546875
1845.957275390625
2412.457275390625
511.18505859375
1981.6302490234375
2373.07373046875
3385.656494140625
3442.419189453125
5609.7294921875
3066.9599609375
7384.5693359375
3276.6494140625
3512.871826171875
5719.712890625
3186.7373046875
5552.5087890625
3679.6728515625
3194.614501953125
2359.2548828125
4662.85791015625
2070.3046875
4387.25537109375
1445.0966796875
3670.57958984375
1706.5458984375
2082.583984375
2206.08935546875
2559.475341796875
4316.15625
4542.576171875
1137.006103515625
3560.601318359375
2965.229736328125
3690.200439453125
3182.211181640625
6114.7265625
4652.04541015625
2804.019287109375
3541.061279296875
3474.277099609375
4039.0576171875
2140.75537109375
6618.01953125
3634.283935546875
4074.337890625
3272.509033203125
1611.5262451171875
5095.85302734375
2513.466796875
766.2833251953125
3235.671142578125
5534.71875
2873.746826171875
2216.09326171875
4231.91748046875
3124.10009765625
2604.893310546875
2562.111572265625
3220.297119140625
2935.50244140625
2984.265869140625
1757.8048095703125
6094.0703125
5513.69677734375
3753.94189453125
2402.910400390625
7437.3779296875
4193.7529296875
2164.816162109375
5459.228515625
1757.653564453125
4581.13818359375
2548.8408203125
3213.757080078125
3244.104736328125
3965.36865234375
3012.769287109375
2421.929931640625
3001.050537109375
4244.57470703125
3699.336669921875
2824.6337890625
3065.07373046875
6730.623046875
4233.0546875
3212.159423828125
2601.34033203125
3500.344482421875
2533.28369140625
2249.53125
5167.82373046875
2604.421875
3450.296630859375
3030.846435546875
3064.14794921875
2389.89453125
2912.479248046875
4354.16357421875
2981.957763671875
2643.65966796875
4650.60400390625
2754.6123046875
3277.8388671875
4232.3515625
3360.448486328125
1834.7869873046875
6220.0537109375
2650.7861328125
5216.67724609375
2000.43994140625
4109.78466796875
3214.158935546875
1704.3560791015625
4277.08056640625
2052.78466796875
4776.07373046875
2955.9541015625
4677.83544921875
5721.8837890625
6497.57666015625
1838.7301025390625
5988.7763671875
1767.1236572265625
780.1655883789062
4957.4404296875
4217.06298828125
3264.5859375
4643.03515625
3457.473388671875
1976.55615234375
3533.50244140625
4630.14404296875
5691.67333984375
1552.52392578125
1413.18701171875
4735.650390625
1033.3380126953125
4764.83544921875
8181.75048828125
568.8641357421875
5922.6953125
5142.76904296875
2094.68408203125
2827.4931640625
2276.0400390625
6311.13134765625
4571.689453125
6835.958984375
2299.82666015625
3412.96337890625
3581.637939453125
3033.887939453125
2725.260498046875
3218.7197265625
1270.5196533203125
6605.2998046875
2848.49462890625
3751.817138671875
3909.96923828125
1465.3741455078125
5370.49462890625
5550.16357421875
5283.54296875
1101.89501953125
5454.43896484375
2462.03271484375
4516.85595703125
2695.664794921875
1288.7696533203125
4330.15380859375
2860.833740234375
3837.909423828125
4895.84814453125
1680.6966552734375
4629.67919921875
1255.610107421875
2163.039306640625
2712.114013671875
3074.494140625
1315.070068359375
1983.05810546875
1726.2376708984375
4478.44482421875
2212.509765625
3088.377197265625
5342.80029296875
3760.788818359375
2757.879638671875
575.9834594726562
1427.075439453125
1242.9197998046875
3088.218505859375
2246.982666015625
2566.153564453125
3459.7255859375
5671.314453125
6641.76513671875
4069.5546875
7151.8310546875
4191.05126953125
3572.427734375
2753.625244140625
1902.089599609375
3352.80712890625
1280.5050048828125
885.060791015625
5792.9111328125
2049.619140625
3881.15673828125
2482.97705078125
3370.26708984375
2688.751953125
4073.087646484375
2139.511962890625
4429.6044921875
3559.71923828125
2881.44091796875
3633.773193359375
3425.8544921875
4657.5078125
1358.9039306640625
2237.600341796875
2047.9224853515625
4668.20654296875
1210.8428955078125
4814.388671875
550.0598754882812
4047.055908203125
4028.302001953125
3101.8408203125
2877.747802734375
5484.51171875
2813.040283203125
3254.2861328125
3846.72021484375
3141.781982421875
2855.438720703125
3296.69189453125
2838.5380859375
5082.58349609375
2532.98828125
3242.75146484375
1454.0567626953125
2384.71142578125
3806.662841796875
4226.14794921875
3082.01123046875
4437.9267578125
3994.9091796875
3605.905029296875
2891.328857421875
2683.464111328125
3119.404052734375
5408.56640625
3317.333251953125
5033.748046875
3067.038818359375
3921.86083984375
850.197021484375
1911.92236328125
917.9660034179688
1032.6495361328125
1720.4669189453125
689.8700561523438
4471.4921875
2338.184814453125
3360.480224609375
2410.151123046875
932.0184936523438
7520.54052734375
2963.062255859375
1168.65185546875
832.5660400390625
2941.00244140625
5391.89306640625
2012.5098876953125
3913.982666015625
6463.16552734375
1589.2225341796875
1783.265380859375
1402.007568359375
1137.568115234375
5639.7587890625
1206.433837890625
2004.0684814453125
1741.132568359375
6062.02587890625
2717.92626953125
1424.4061279296875
2610.972412109375
1091.4371337890625
4186.2080078125
3505.307861328125
2958.99365234375
3078.9296875
5480.56396484375
5614.73046875
6416.5224609375
2694.87841796875
881.7293701171875
1820.05029296875
2633.68994140625
7063.2548828125
3915.3583984375
2636.147216796875
2238.393310546875
1912.91259765625
5098.42822265625
5514.29248046875
2345.808349609375
2816.969482421875
3494.235595703125
5119.09912109375
3651.615966796875
3663.31005859375
5204.46240234375
3560.95556640625
5159.05859375
4293.1025390625
3219.963134765625
1776.3062744140625
6210.63134765625
2418.82275390625
4807.05224609375
4994.07763671875
3791.94775390625
2122.796142578125
4638.4765625
3432.034912109375
2579.549072265625
6654.154296875
3859.9560546875
2524.09375
3747.062744140625
2809.87939453125
2243.583984375
4689.28076171875
3230.500244140625
2604.368896484375
857.2711181640625
1804.2740478515625
4325.70068359375
4568.77685546875
3510.93505859375
2626.95703125
3703.707275390625
2760.5322265625
2099.1240234375
5460.22607421875
2056.96484375
3063.4462890625
5943.4404296875
2076.126220703125
6145.35302734375
2248.424560546875
3160.471923828125
6737.1279296875
2238.288818359375
2969.284912109375
2470.105712890625
2311.379638671875
3432.00537109375
2276.3779296875
5485.60546875
1741.254150390625
2077.9892578125
2880.922607421875
3340.08740234375
3535.1015625
1427.2203369140625
3182.87841796875
2634.14306640625
4315.32763671875
1396.0657958984375
4149.31591796875
2914.032470703125
3178.253173828125
2467.4697265625
3546.875
2067.233642578125
4279.5625
3432.209228515625
5672.87841796875
2248.03369140625
2650.78662109375
967.1115112304688
3780.3310546875
3380.504638671875
1626.19189453125
4986.09228515625
2318.81982421875
2438.04638671875
1214.469970703125
3409.4267578125
6905.255859375
3257.59521484375
1733.994140625
3870.307373046875
5244.41259765625
1891.0096435546875
2121.444091796875
3744.956298828125
3075.41650390625
1950.996826171875
4569.95166015625
5576.72802734375
1964.5494384765625
4435.6103515625
2843.611572265625
2972.54296875
4528.2705078125
2211.3388671875
3404.57177734375
5132.15576171875
2812.13623046875
6602.619140625
3561.530517578125
4706.87939453125
5398.6494140625
1384.994384765625
2419.631591796875
5676.49853515625
3082.116943359375
3767.066650390625
2827.913818359375
3846.1474609375
2795.18408203125
3984.429931640625
826.3565673828125
3231.031005859375
3617.856201171875
2551.240234375
3131.6484375
2527.987060546875
3056.458251953125
5430.2666015625
6185.8388671875
2733.973388671875
3377.419189453125
5893.5068359375
5479.2138671875
3869.858154296875
1406.0572509765625
1939.7789306640625
5939.01416015625
3115.5869140625
2014.9012451171875
1896.5609130859375
1410.5150146484375
664.0016479492188
4507.2080078125
5956.81982421875
3136.282958984375
1374.2244873046875
5219.52978515625
2413.349853515625
2611.37255859375
2868.885498046875
5100.0703125
2476.7412109375
6101.84130859375
3206.514892578125
1830.253173828125
5156.0791015625
4198.04541015625
3546.18896484375
5532.30810546875
1180.709716796875
2428.28759765625
4062.48974609375
4082.71435546875
2748.587646484375
6219.328125
1680.431640625
7011.16455078125
5632.82421875
3651.93701171875
2346.33544921875
1343.8575439453125
4318.77783203125
4052.8212890625
1641.5203857421875
2851.04931640625
3376.762451171875
2507.43603515625
1632.8902587890625
595.0797729492188
1095.7530517578125
1089.5157470703125
2881.4423828125
1913.5135498046875
4686.84130859375
1840.9791259765625
1034.474365234375
6346.26220703125
1853.8939208984375
3348.434814453125
5419.53857421875
1913.698486328125
3162.13330078125
5233.9560546875
5513.2919921875
3098.466796875
3719.905517578125
3303.8271484375
3364.451416015625
1259.6549072265625
3239.065185546875
4333.21484375
6360.05810546875
3990.286865234375
3519.798828125
1930.3175048828125
2567.03564453125
2733.972900390625
2910.60986328125
1492.521728515625
3622.9189453125
3047.780517578125
4326.84619140625
3026.909423828125
1364.5819091796875
6043.40185546875
6878.84326171875
2757.183349609375
3830.6494140625
3379.556640625
2577.01416015625
3357.772705078125
1838.76708984375
1166.3297119140625
3210.373291015625
6148.63427734375
2860.962646484375
4275.5732421875
3290.332275390625
3143.92626953125
4881.76611328125
6321.4775390625
2265.306640625
2155.854248046875
1018.3353881835938
2833.253173828125
2294.1669921875
1102.20703125
3485.92919921875
6411.3095703125
3184.72119140625
5200.34521484375
6479.45361328125
2235.500244140625
2997.47021484375
4460.39990234375
2976.874267578125
2769.226318359375
6318.0029296875
2096.432861328125
4489.24169921875
3375.83447265625
4591.2158203125
4410.43408203125